,frame_num,figure_area,ground_area,imdb_id
0,0,0.0,1.0,41108
1,118,0.0,1.0,41108
2,236,0.0,1.0,41108
3,354,0.0,1.0,41108
4,472,0.0,1.0,41108
5,590,0.0,1.0,41108
6,708,0.0,1.0,41108
7,826,0.0,1.0,41108
8,944,0.0,1.0,41108
9,1062,0.0,1.0,41108
10,1180,0.0,1.0,41108
11,1298,0.0,1.0,41108
12,1416,0.0,1.0,41108
13,1534,0.0,1.0,41108
14,1652,0.0,1.0,41108
15,1770,0.0,1.0,41108
16,1888,0.0,1.0,41108
17,2006,0.0,1.0,41108
18,2124,0.0,1.0,41108
19,2242,0.5165032679738563,0.4834967320261438,41108
20,2360,0.0244981325863678,0.975501867413632,41108
21,2478,0.0,1.0,41108
22,2596,0.3595354808590103,0.6404645191409897,41108
23,2714,0.452999533146592,0.5470004668534081,41108
24,2832,0.5202205882352942,0.4797794117647059,41108
25,2950,0.43531162464986,0.56468837535014,41108
26,3068,0.44578081232493,0.5542191876750701,41108
27,3186,0.4107259570494865,0.5892740429505136,41108
28,3304,0.4370389822595705,0.5629610177404295,41108
29,3422,0.3396475256769374,0.6603524743230625,41108
30,3540,0.3343720821661998,0.6656279178338002,41108
31,3658,0.3310107376283847,0.6689892623716153,41108
32,3776,0.3129901960784313,0.6870098039215686,41108
33,3894,0.1309523809523809,0.8690476190476191,41108
34,4012,0.2416783380018674,0.7583216619981326,41108
35,4130,0.1615662931839402,0.8384337068160598,41108
36,4248,0.2253793183940243,0.7746206816059757,41108
37,4366,0.2438900560224089,0.7561099439775909,41108
38,4484,0.1793008870214752,0.8206991129785247,41108
39,4602,0.1539857609710551,0.8460142390289449,41108
40,4720,0.2915674603174603,0.7084325396825397,41108
41,4838,0.3613270308123249,0.638672969187675,41108
42,4956,0.3373541083099907,0.6626458916900093,41108
43,5074,0.2646708683473389,0.7353291316526611,41108
44,5192,0.3755718954248366,0.6244281045751634,41108
45,5310,0.3314133986928104,0.6685866013071895,41108
46,5428,0.3440651260504201,0.6559348739495798,41108
47,5546,0.3446428571428571,0.6553571428571429,41108
48,5664,0.3132994864612512,0.6867005135387488,41108
49,5782,0.420063025210084,0.579936974789916,41108
50,5900,0.3772292250233426,0.6227707749766573,41108
51,6018,0.3466386554621849,0.6533613445378151,41108
52,6136,0.3594654528478058,0.6405345471521942,41108
53,6254,0.4246848739495798,0.5753151260504201,41108
54,6372,0.3794642857142857,0.6205357142857143,41108
55,6490,0.30078197945845,0.6992180205415499,41108
56,6608,0.1845821661998132,0.8154178338001867,41108
57,6726,0.3705007002801121,0.6294992997198879,41108
58,6844,0.4579715219421102,0.5420284780578898,41108
59,6962,0.420687441643324,0.579312558356676,41108
60,7080,0.4344304388422036,0.5655695611577964,41108
61,7198,0.4281921101774043,0.5718078898225957,41108
62,7316,0.4382236227824463,0.5617763772175537,41108
63,7434,0.2826622315592904,0.7173377684407096,41108
64,7552,0.0,1.0,41108
65,7670,0.0,1.0,41108
66,7788,0.0,1.0,41108
67,7906,0.0510971055088702,0.9489028944911296,41108
68,8024,0.1908730158730158,0.8091269841269841,41108
69,8142,0.2856209150326797,0.7143790849673203,41108
70,8260,0.3033204948646125,0.6966795051353875,41108
71,8378,0.191234827264239,0.808765172735761,41108
72,8496,0.2370798319327731,0.7629201680672268,41108
73,8614,0.2832166199813258,0.7167833800186741,41108
74,8732,0.2164332399626517,0.7835667600373483,41108
75,8850,0.0,1.0,41108
76,8968,0.0500058356676003,0.9499941643323996,41108
77,9086,0.0743464052287581,0.925653594771242,41108
78,9204,0.0845413165266106,0.9154586834733892,41108
79,9322,0.0829365079365079,0.917063492063492,41108
80,9440,0.2772292250233427,0.7227707749766573,41108
81,9558,0.1720588235294117,0.8279411764705882,41108
82,9676,0.1725548552754435,0.8274451447245564,41108
83,9794,0.1876867413632119,0.8123132586367879,41108
84,9912,0.2213352007469654,0.7786647992530346,41108
85,10030,0.1741596638655462,0.8258403361344537,41108
86,10148,0.2718429038281979,0.728157096171802,41108
87,10266,0.2546335200746965,0.7453664799253035,41108
88,10384,0.2193277310924369,0.7806722689075629,41108
89,10502,0.158298319327731,0.8417016806722689,41108
90,10620,0.1053338001867413,0.8946661998132587,41108
91,10738,0.1022408963585434,0.8977591036414566,41108
92,10856,0.1048669467787114,0.8951330532212886,41108
93,10974,0.0974614845938375,0.9025385154061624,41108
94,11092,0.1420693277310924,0.8579306722689075,41108
95,11210,0.256938608776844,0.7430613912231558,41108
96,11328,0.2478991596638655,0.7521008403361344,41108
97,11446,0.0453781512605042,0.9546218487394958,41108
98,11564,0.2668709150326797,0.7331290849673202,41108
99,11682,0.2896008403361345,0.7103991596638656,41108
100,11800,0.2854341736694678,0.7145658263305322,41108
101,11918,0.129265873015873,0.870734126984127,41108
102,12036,0.1992355275443511,0.8007644724556491,41108
103,12154,0.2199404761904762,0.7800595238095238,41108
104,12272,0.3011963118580765,0.6988036881419234,41108
105,12390,0.3638363678804855,0.6361636321195144,41108
106,12508,0.4281045751633986,0.5718954248366013,41108
107,12626,0.4072128851540616,0.5927871148459384,41108
108,12744,0.4401610644257703,0.5598389355742297,41108
109,12862,0.3864554154995332,0.6135445845004669,41108
110,12980,0.3837651727357609,0.6162348272642391,41108
111,13098,0.3633695144724556,0.6366304855275443,41108
112,13216,0.3912289915966386,0.6087710084033613,41108
113,13334,0.3846171802054155,0.6153828197945845,41108
114,13452,0.2162231559290383,0.7837768440709617,41108
115,13570,0.0570378151260504,0.9429621848739496,41108
116,13688,0.2029178338001867,0.7970821661998133,41108
117,13806,0.2106676003734827,0.7893323996265172,41108
118,13924,0.1829890289449113,0.8170109710550887,41108
119,14042,0.1285889355742296,0.8714110644257703,41108
120,14160,0.2705182072829131,0.7294817927170868,41108
121,14278,0.2377217553688141,0.7622782446311858,41108
122,14396,0.0840802987861811,0.9159197012138188,41108
123,14514,0.107860644257703,0.892139355742297,41108
124,14632,0.2352999533146592,0.7647000466853408,41108
125,14750,0.5262196545284781,0.4737803454715219,41108
126,14868,0.346860410830999,0.653139589169001,41108
127,14986,0.3345996732026144,0.6654003267973856,41108
128,15104,0.1666083099906629,0.8333916900093371,41108
129,15222,0.1512138188608776,0.8487861811391223,41108
130,15340,0.2319327731092437,0.7680672268907563,41108
131,15458,0.1813200280112044,0.8186799719887955,41108
132,15576,0.1874883286647992,0.8125116713352007,41108
133,15694,0.3229633520074697,0.6770366479925304,41108
134,15812,0.2863503734827264,0.7136496265172736,41108
135,15930,0.2836192810457516,0.7163807189542484,41108
136,16048,0.0617238562091503,0.9382761437908496,41108
137,16166,0.4422152194211017,0.5577847805788982,41108
138,16284,0.1820903361344537,0.8179096638655462,41108
139,16402,0.1387896825396825,0.8612103174603175,41108
140,16520,0.2866713352007469,0.7133286647992529,41108
141,16638,0.1127626050420168,0.8872373949579831,41108
142,16756,0.0966153127917833,0.9033846872082166,41108
143,16874,0.1147934173669467,0.8852065826330532,41108
144,16992,0.1212943510737628,0.8787056489262371,41108
145,17110,0.1939192343604108,0.8060807656395892,41108
146,17228,0.2210725957049486,0.7789274042950514,41108
147,17346,0.0,1.0,41108
148,17464,0.0322128851540616,0.9677871148459384,41108
149,17582,0.5803454715219422,0.4196545284780579,41108
150,17700,0.5421160130718954,0.4578839869281046,41108
151,17818,0.5737453314659197,0.4262546685340803,41108
152,17936,0.137890989729225,0.8621090102707749,41108
153,18054,0.0919934640522876,0.9080065359477124,41108
154,18172,0.3917950513538749,0.6082049486461251,41108
155,18290,0.2969946311858077,0.7030053688141923,41108
156,18408,0.2765056022408964,0.7234943977591036,41108
157,18526,0.1727591036414565,0.8272408963585434,41108
158,18644,0.189921802054155,0.810078197945845,41108
159,18762,0.0635679271708683,0.9364320728291315,41108
160,18880,0.0776669000933706,0.9223330999066294,41108
161,18998,0.0919701213818861,0.908029878618114,41108
162,19116,0.1118055555555555,0.8881944444444444,41108
163,19234,0.1044817927170868,0.8955182072829132,41108
164,19352,0.1056139122315592,0.8943860877684408,41108
165,19470,0.5654878618113912,0.4345121381886088,41108
166,19588,0.1144899626517273,0.8855100373482726,41108
167,19706,0.0764414098972922,0.9235585901027078,41108
168,19824,0.1414274042950513,0.8585725957049486,41108
169,19942,0.0800070028011204,0.9199929971988796,41108
170,20060,0.2155812324929972,0.7844187675070028,41108
171,20178,0.2114729225023342,0.7885270774976657,41108
172,20296,0.2004260037348272,0.7995739962651728,41108
173,20414,0.1904295051353874,0.8095704948646125,41108
174,20532,0.1959267040149393,0.8040732959850607,41108
175,20650,0.3651027077497665,0.6348972922502334,41108
176,20768,0.3259512138188609,0.6740487861811392,41108
177,20886,0.0517156862745098,0.9482843137254902,41108
178,21004,0.0921860410830999,0.9078139589169,41108
179,21122,0.0449579831932773,0.9550420168067228,41108
180,21240,0.0413923902894491,0.9586076097105508,41108
181,21358,0.0741304855275443,0.9258695144724556,41108
182,21476,0.4525385154061625,0.5474614845938376,41108
183,21594,0.4366654995331466,0.5633345004668534,41108
184,21712,0.548155929038282,0.4518440709617179,41108
185,21830,0.4689484126984127,0.5310515873015873,41108
186,21948,0.5086017740429505,0.4913982259570495,41108
187,22066,0.5504435107376284,0.4495564892623716,41108
188,22184,0.5148576097105508,0.4851423902894491,41108
189,22302,0.5276435574229692,0.4723564425770308,41108
190,22420,0.2777077497665733,0.7222922502334267,41108
191,22538,0.2276610644257703,0.7723389355742297,41108
192,22656,0.5097864145658263,0.4902135854341737,41108
193,22774,0.1814192343604108,0.8185807656395891,41108
194,22892,0.1326972455648926,0.8673027544351074,41108
195,23010,0.2581465919701214,0.7418534080298786,41108
196,23128,0.3189950980392157,0.6810049019607843,41108
197,23246,0.2660539215686274,0.7339460784313725,41108
198,23364,0.2880193744164332,0.7119806255835668,41108
199,23482,0.2396708683473389,0.7603291316526608,41108
200,23600,0.1615838001867413,0.8384161998132587,41108
201,23718,0.2212535014005602,0.7787464985994398,41108
202,23836,0.250344304388422,0.7496556956115781,41108
203,23954,0.129079131652661,0.8709208683473392,41108
204,24072,0.4065009337068161,0.5934990662931839,41108
205,24190,0.2467028478057889,0.7532971521942109,41108
206,24308,0.0,1.0,41108
207,24426,0.3091386554621849,0.6908613445378151,41108
208,24544,0.1795109710550887,0.8204890289449113,41108
209,24662,0.1386904761904762,0.8613095238095239,41108
210,24780,0.0,1.0,41108
211,24898,0.1792308590102707,0.8207691409897292,41108
212,25016,0.3406512605042017,0.6593487394957983,41108
213,25134,0.1213468720821662,0.8786531279178338,41108
214,25252,0.5844129318394025,0.4155870681605976,41108
215,25370,0.1775385154061624,0.8224614845938375,41108
216,25488,0.2671743697478991,0.7328256302521008,41108
217,25606,0.3123249299719888,0.6876750700280112,41108
218,25724,0.0988678804855275,0.9011321195144724,41108
219,25842,0.0695669934640522,0.9304330065359476,41108
220,25960,0.4458625116713352,0.5541374883286648,41108
221,26078,0.1683239962651727,0.8316760037348273,41108
222,26196,0.1412756769374416,0.8587243230625583,41108
223,26314,0.175828664799253,0.8241713352007469,41108
224,26432,0.1857901493930905,0.8142098506069094,41108
225,26550,0.2415732959850607,0.7584267040149393,41108
226,26668,0.270891690009337,0.7291083099906629,41108
227,26786,0.230281279178338,0.7697187208216619,41108
228,26904,0.0986694677871148,0.9013305322128852,41108
229,27022,0.181109943977591,0.8188900560224089,41108
230,27140,0.2585142390289449,0.7414857609710551,41108
231,27258,0.2488503734827264,0.7511496265172736,41108
232,27376,0.0602707749766573,0.9397292250233428,41108
233,27494,0.1734593837535014,0.8265406162464985,41108
234,27612,0.1757294584500466,0.8242705415499533,41108
235,27730,0.0116129785247432,0.9883870214752568,41108
236,27848,0.2274743230625583,0.7725256769374417,41108
237,27966,0.053157096171802,0.946842903828198,41108
238,28084,0.1053746498599439,0.8946253501400561,41108
239,28202,0.0365254435107376,0.9634745564892624,41108
240,28320,0.1721638655462185,0.8278361344537815,41108
241,28438,0.2860294117647059,0.7139705882352941,41108
242,28556,0.214437441643324,0.785562558356676,41108
243,28674,0.2789565826330532,0.7210434173669468,41108
244,28792,0.3153886554621849,0.6846113445378151,41108
245,28910,0.3473389355742297,0.6526610644257703,41108
246,29028,0.1559407096171802,0.8440592903828198,41108
247,29146,0.3165149393090569,0.6834850606909431,41108
248,29264,0.3597922502334267,0.6402077497665732,41108
249,29382,0.3978291316526609,0.6021708683473389,41108
250,29500,0.50843837535014,0.4915616246498599,41108
251,29618,0.5730100373482726,0.4269899626517273,41108
252,29736,0.5394140989729225,0.4605859010270775,41108
253,29854,0.5297619047619048,0.4702380952380952,41108
254,29972,0.5602124183006536,0.4397875816993464,41108
255,30090,0.5641281512605042,0.4358718487394958,41108
256,30208,0.544187675070028,0.4558123249299721,41108
257,30326,0.5003267973856209,0.4996732026143791,41108
258,30444,0.5081057422969187,0.4918942577030812,41108
259,30562,0.5390289449112978,0.4609710550887022,41108
260,30680,0.4143907563025209,0.585609243697479,41108
261,30798,0.4533204948646125,0.5466795051353874,41108
262,30916,0.5582749766573296,0.4417250233426704,41108
263,31034,0.4783088235294118,0.5216911764705883,41108
264,31152,0.6018323996265172,0.3981676003734827,41108
265,31270,0.5016398225957049,0.4983601774042951,41108
266,31388,0.4932014472455649,0.5067985527544351,41108
267,31506,0.3600023342670401,0.6399976657329598,41108
268,31624,0.4591619981325864,0.5408380018674136,41108
269,31742,0.4963527077497666,0.5036472922502334,41108
270,31860,0.5310749299719888,0.4689250700280112,41108
271,31978,0.3886146125116713,0.6113853874883287,41108
272,32096,0.3180380485527544,0.6819619514472456,41108
273,32214,0.0,1.0,41108
274,32332,0.2958566760037348,0.7041433239962652,41108
275,32450,0.224906629318394,0.7750933706816059,41108
276,32568,0.2305672268907563,0.7694327731092437,41108
277,32686,0.2551353874883286,0.7448646125116714,41108
278,32804,0.3113270308123249,0.6886729691876751,41108
279,32922,0.354796918767507,0.6452030812324929,41108
280,33040,0.3030462184873949,0.6969537815126049,41108
281,33158,0.178874883286648,0.8211251167133521,41108
282,33276,0.2365546218487395,0.7634453781512605,41108
283,33394,0.3330123716153128,0.6669876283846872,41108
284,33512,0.3205357142857143,0.6794642857142857,41108
285,33630,0.3164449112978525,0.6835550887021475,41108
286,33748,0.5334325396825397,0.4665674603174603,41108
287,33866,0.5271008403361345,0.4728991596638655,41108
288,33984,0.5281570961718021,0.4718429038281979,41108
289,34102,0.5426353874883286,0.4573646125116713,41108
290,34220,0.5520424836601308,0.4479575163398693,41108
291,34338,0.5384803921568627,0.4615196078431373,41108
292,34456,0.3198762838468721,0.6801237161531279,41108
293,34574,0.2563900560224089,0.7436099439775911,41108
294,34692,0.3250992063492064,0.6749007936507937,41108
295,34810,0.2411181139122316,0.7588818860877684,41108
296,34928,0.3399509803921569,0.6600490196078431,41108
297,35046,0.4961951447245565,0.5038048552754435,41108
298,35164,0.4735352474323062,0.5264647525676938,41108
299,35282,0.3394899626517274,0.6605100373482726,41108
300,35400,0.3250291783380019,0.6749708216619982,41108
301,35518,0.0497490662931839,0.950250933706816,41108
302,35636,0.2424778244631185,0.7575221755368814,41108
303,35754,0.4075688608776844,0.5924311391223156,41108
304,35872,0.4073879551820728,0.5926120448179272,41108
305,35990,0.5281979458450047,0.4718020541549953,41108
306,36108,0.1834091970121381,0.8165908029878618,41108
307,36226,0.1441351540616246,0.8558648459383753,41108
308,36344,0.1958508403361344,0.8041491596638656,41108
309,36462,0.4033963585434174,0.5966036414565826,41108
310,36580,0.1079890289449113,0.8920109710550888,41108
311,36698,0.0710550887021475,0.9289449112978524,41108
312,36816,0.0722572362278244,0.9277427637721756,41108
313,36934,0.2551237161531279,0.7448762838468721,41108
314,37052,0.0,1.0,41108
315,37170,0.0,1.0,41108
316,37288,0.0,1.0,41108
317,37406,0.0504318394024276,0.9495681605975724,41108
318,37524,0.0527894491129785,0.9472105508870214,41108
319,37642,0.0684640522875817,0.9315359477124184,41108
320,37760,0.0082516339869281,0.991748366013072,41108
321,37878,0.1107084500466853,0.8892915499533146,41108
322,37996,0.0362803454715219,0.963719654528478,41108
323,38114,0.0255018674136321,0.974498132586368,41108
324,38232,0.1201447245564892,0.8798552754435107,41108
325,38350,0.2059990662931839,0.794000933706816,41108
326,38468,0.2485060690943044,0.7514939309056956,41108
327,38586,0.2478116246498599,0.75218837535014,41108
328,38704,0.2705415499533146,0.7294584500466853,41108
329,38822,0.3402894491129785,0.6597105508870215,41108
330,38940,0.3271883753501401,0.67281162464986,41108
331,39058,0.3877801120448179,0.6122198879551821,41108
332,39176,0.3127100840336134,0.6872899159663866,41108
333,39294,0.2730859010270775,0.7269140989729225,41108
334,39412,0.3044467787114845,0.6955532212885154,41108
335,39530,0.3279411764705882,0.6720588235294118,41108
336,39648,0.2647525676937441,0.7352474323062559,41108
337,39766,0.3038982259570494,0.6961017740429505,41108
338,39884,0.2875525210084033,0.7124474789915967,41108
339,40002,0.2700455182072829,0.7299544817927169,41108
340,40120,0.275484360410831,0.724515639589169,41108
341,40238,0.3047677404295052,0.6952322595704948,41108
342,40356,0.4618639122315593,0.5381360877684407,41108
343,40474,0.4378092903828198,0.5621907096171802,41108
344,40592,0.4434290382819793,0.5565709617180206,41108
345,40710,0.41796802054155,0.5820319794584501,41108
346,40828,0.4002275910364146,0.5997724089635854,41108
347,40946,0.3962768440709617,0.6037231559290382,41108
348,41064,0.3830240429505136,0.6169759570494865,41108
349,41182,0.4067051820728291,0.5932948179271709,41108
350,41300,0.4337826797385621,0.5662173202614379,41108
351,41418,0.3042308590102707,0.6957691409897292,41108
352,41536,0.1903186274509804,0.8096813725490196,41108
353,41654,0.0681314192343604,0.9318685807656396,41108
354,41772,0.2956349206349206,0.7043650793650794,41108
355,41890,0.2950455182072829,0.7049544817927171,41108
356,42008,0.2211834733893557,0.7788165266106443,41108
357,42126,0.2368172268907563,0.7631827731092437,41108
358,42244,0.3877275910364146,0.6122724089635855,41108
359,42362,0.3009978991596638,0.6990021008403361,41108
360,42480,0.302626050420168,0.6973739495798319,41108
361,42598,0.3604925303454715,0.6395074696545284,41108
362,42716,0.2742005135387489,0.7257994864612511,41108
363,42834,0.3064192343604108,0.6935807656395891,41108
364,42952,0.3023050887021475,0.6976949112978524,41108
365,43070,0.3382119514472456,0.6617880485527544,41108
366,43188,0.1982551353874883,0.8017448646125117,41108
367,43306,0.4951038748832866,0.5048961251167133,41108
368,43424,0.3677812791783379,0.632218720821662,41108
369,43542,0.3262138188608777,0.6737861811391224,41108
370,43660,0.3370915032679739,0.6629084967320261,41108
371,43778,0.3481209150326797,0.6518790849673203,41108
372,43896,0.3536356209150327,0.6463643790849674,41108
373,44014,0.3344654528478057,0.6655345471521942,41108
374,44132,0.1996440242763772,0.8003559757236228,41108
375,44250,0.2383578431372549,0.7616421568627451,41108
376,44368,0.1477707749766573,0.8522292250233426,41108
377,44486,0.1286589635854341,0.8713410364145658,41108
378,44604,0.1507119514472455,0.8492880485527544,41108
379,44722,0.1491363211951447,0.8508636788048553,41108
380,44840,0.1419234360410831,0.8580765639589168,41108
381,44958,0.296609477124183,0.7033905228758169,41108
382,45076,0.2690826330532213,0.7309173669467787,41108
383,45194,0.2925478524743231,0.707452147525677,41108
384,45312,0.3144666199813258,0.6855333800186741,41108
385,45430,0.3486169467787115,0.6513830532212885,41108
386,45548,0.3482492997198879,0.6517507002801121,41108
387,45666,0.1661764705882353,0.8338235294117647,41108
388,45784,0.320389822595705,0.6796101774042951,41108
389,45902,0.4159547152194211,0.5840452847805789,41108
390,46020,0.331016573295985,0.6689834267040149,41108
391,46138,0.3177987861811391,0.6822012138188609,41108
392,46256,0.3534313725490196,0.6465686274509804,41108
393,46374,0.2777135854341737,0.7222864145658263,41108
394,46492,0.2621907096171802,0.7378092903828198,41108
395,46610,0.2732551353874883,0.7267448646125116,41108
396,46728,0.2842320261437908,0.7157679738562092,41108
397,46846,0.3341269841269841,0.6658730158730158,41108
398,46964,0.2874766573295985,0.7125233426704015,41108
399,47082,0.3520366479925304,0.6479633520074697,41108
400,47200,0.4034780578898226,0.5965219421101774,41108
401,47318,0.2885854341736694,0.7114145658263306,41108
402,47436,0.21875,0.78125,41108
403,47554,0.2785655929038282,0.7214344070961718,41108
404,47672,0.2732434640522875,0.7267565359477124,41108
405,47790,0.4854750233426704,0.5145249766573295,41108
406,47908,0.5316760037348273,0.4683239962651728,41108
407,48026,0.4494047619047619,0.5505952380952381,41108
408,48144,0.5301995798319328,0.4698004201680672,41108
409,48262,0.377141690009337,0.6228583099906629,41108
410,48380,0.3539390756302521,0.6460609243697479,41108
411,48498,0.36187558356676,0.6381244164332399,41108
412,48616,0.4152310924369748,0.5847689075630252,41108
413,48734,0.3739145658263305,0.6260854341736695,41108
414,48852,0.2184640522875817,0.7815359477124183,41108
415,48970,0.21203314659197,0.7879668534080299,41108
416,49088,0.3302929505135387,0.6697070494864612,41108
417,49206,0.3380835667600373,0.6619164332399626,41108
418,49324,0.3624591503267974,0.6375408496732026,41108
419,49442,0.3098564425770308,0.6901435574229692,41108
420,49560,0.286828898225957,0.713171101774043,41108
421,49678,0.3015697945845004,0.6984302054154995,41108
422,49796,0.2959500466853408,0.7040499533146592,41108
423,49914,0.3491830065359477,0.6508169934640523,41108
424,50032,0.3560690943043884,0.6439309056956116,41108
425,50150,0.3262079831932773,0.6737920168067227,41108
426,50268,0.3526027077497666,0.6473972922502335,41108
427,50386,0.3154820261437908,0.6845179738562092,41108
428,50504,0.3006711017740429,0.699328898225957,41108
429,50622,0.4462301587301588,0.5537698412698413,41108
430,50740,0.3759570494864613,0.6240429505135388,41108
431,50858,0.3892565359477124,0.6107434640522876,41108
432,50976,0.3916258169934641,0.6083741830065359,41108
433,51094,0.3928629785247432,0.6071370214752567,41108
434,51212,0.3886496265172736,0.6113503734827265,41108
435,51330,0.3784255368814192,0.6215744631185808,41108
436,51448,0.42703081232493,0.57296918767507,41108
437,51566,0.3021183473389356,0.6978816526610644,41108
438,51684,0.3098856209150327,0.6901143790849673,41108
439,51802,0.499077964519141,0.500922035480859,41108
440,51920,0.2832924836601307,0.7167075163398693,41108
441,52038,0.3928046218487395,0.6071953781512605,41108
442,52156,0.3570203081232493,0.6429796918767507,41108
443,52274,0.2651143790849673,0.7348856209150327,41108
444,52392,0.3871206816059757,0.6128793183940243,41108
445,52510,0.261671335200747,0.7383286647992531,41108
446,52628,0.2546626984126984,0.7453373015873016,41108
447,52746,0.2660130718954248,0.7339869281045751,41108
448,52864,0.4641690009337068,0.5358309990662932,41108
449,52982,0.4144257703081233,0.5855742296918768,41108
450,53100,0.2669526143790849,0.733047385620915,41108
451,53218,0.4144549486461251,0.5855450513538749,41108
452,53336,0.4222514005602241,0.5777485994397759,41108
453,53454,0.3140697945845005,0.6859302054154995,41108
454,53572,0.2111052754435107,0.7888947245564892,41108
455,53690,0.2421510270774977,0.7578489729225023,41108
456,53808,0.2513830532212885,0.7486169467787115,41108
457,53926,0.3436274509803921,0.6563725490196078,41108
458,54044,0.3732142857142857,0.6267857142857143,41108
459,54162,0.2934932306255836,0.7065067693744165,41108
460,54280,0.3431956115779645,0.6568043884220355,41108
461,54398,0.3030578898225957,0.6969421101774043,41108
462,54516,0.2928221288515406,0.7071778711484594,41108
463,54634,0.3680730625583567,0.6319269374416433,41108
464,54752,0.1391281512605042,0.8608718487394958,41108
465,54870,0.1215511204481792,0.8784488795518207,41108
466,54988,0.2653069561157796,0.7346930438842204,41108
467,55106,0.3050420168067227,0.6949579831932773,41108
468,55224,0.1886204481792717,0.8113795518207283,41108
469,55342,0.317250233426704,0.682749766573296,41108
470,55460,0.2944152661064426,0.7055847338935575,41108
471,55578,0.2890697945845005,0.7109302054154996,41108
472,55696,0.2627042483660131,0.7372957516339871,41108
473,55814,0.2561974789915966,0.7438025210084034,41108
474,55932,0.1908788515406162,0.8091211484593838,41108
475,56050,0.2166549953314659,0.7833450046685341,41108
476,56168,0.175,0.825,41108
477,56286,0.33953081232493,0.6604691876750699,41108
478,56404,0.3019724556489262,0.6980275443510737,41108
479,56522,0.3139355742296919,0.6860644257703081,41108
480,56640,0.3050595238095238,0.6949404761904762,41108
481,56758,0.2397058823529412,0.7602941176470588,41108
482,56876,0.3634978991596639,0.6365021008403361,41108
483,56994,0.221767040149393,0.7782329598506069,41108
484,57112,0.2764005602240896,0.7235994397759103,41108
485,57230,0.2779470121381886,0.7220529878618114,41108
486,57348,0.1792600373482726,0.8207399626517273,41108
487,57466,0.3852240896358544,0.6147759103641457,41108
488,57584,0.3249416433239963,0.6750583566760038,41108
489,57702,0.183811858076564,0.8161881419234359,41108
490,57820,0.2757002801120448,0.7242997198879552,41108
491,57938,0.3739145658263305,0.6260854341736695,41108
492,58056,0.3341619981325863,0.6658380018674136,41108
493,58174,0.3436274509803921,0.6563725490196078,41108
494,58292,0.3431080765639589,0.6568919234360411,41108
495,58410,0.1459208683473389,0.8540791316526608,41108
496,58528,0.2255835667600373,0.7744164332399627,41108
497,58646,0.3340744631185807,0.6659255368814192,41108
498,58764,0.2890756302521009,0.7109243697478992,41108
499,58882,0.1727591036414565,0.8272408963585434,41108
500,59000,0.3227474323062558,0.6772525676937442,41108
501,59118,0.3673552754435108,0.6326447245564892,41108
502,59236,0.2539857609710551,0.7460142390289449,41108
503,59354,0.3808706816059757,0.6191293183940243,41108
504,59472,0.2640406162464986,0.7359593837535015,41108
505,59590,0.3317110177404295,0.6682889822595705,41108
506,59708,0.3928221288515406,0.6071778711484593,41108
507,59826,0.3773867880485528,0.6226132119514473,41108
508,59944,0.3836309523809524,0.6163690476190476,41108
509,60062,0.2558823529411764,0.7441176470588236,41108
510,60180,0.0,1.0,41108
511,60298,0.3227882819794585,0.6772117180205416,41108
512,60416,0.3982376283846872,0.6017623716153128,41108
513,60534,0.2771066760037348,0.7228933239962652,41108
514,60652,0.3258111577964519,0.6741888422035481,41108
515,60770,0.3166199813258637,0.6833800186741363,41108
516,60888,0.3552987861811391,0.6447012138188609,41108
517,61006,0.4190126050420168,0.5809873949579832,41108
518,61124,0.3730683940242764,0.6269316059757236,41108
519,61242,0.4345354808590103,0.5654645191409897,41108
520,61360,0.4300653594771242,0.5699346405228758,41108
521,61478,0.332312091503268,0.6676879084967321,41108
522,61596,0.3089752567693744,0.6910247432306256,41108
523,61714,0.2876867413632119,0.7123132586367881,41108
524,61832,0.2076914098972922,0.7923085901027077,41108
525,61950,0.183187441643324,0.816812558356676,41108
526,62068,0.2067401960784313,0.7932598039215686,41108
527,62186,0.2883053221288515,0.7116946778711485,41108
528,62304,0.2501400560224089,0.7498599439775909,41108
529,62422,0.2876750700280112,0.7123249299719888,41108
530,62540,0.1632411297852474,0.8367588702147526,41108
531,62658,0.3612745098039216,0.6387254901960784,41108
532,62776,0.3127567693744164,0.6872432306255836,41108
533,62894,0.3356851073762838,0.6643148926237161,41108
534,63012,0.3118405695611578,0.6881594304388422,41108
535,63130,0.3301237161531279,0.669876283846872,41108
536,63248,0.3179330065359477,0.6820669934640523,41108
537,63366,0.3152602707749766,0.6847397292250234,41108
538,63484,0.3128151260504201,0.6871848739495798,41108
539,63602,0.2779353408029879,0.7220646591970121,41108
540,63720,0.3255835667600373,0.6744164332399627,41108
541,63838,0.3565359477124183,0.6434640522875817,41108
542,63956,0.3159838935574229,0.684016106442577,41108
543,64074,0.0,1.0,41108
544,64192,0.1611636321195144,0.8388363678804855,41108
545,64310,0.2889239028944911,0.7110760971055089,41108
546,64428,0.1994806255835668,0.8005193744164333,41108
547,64546,0.2483134920634921,0.7516865079365079,41108
548,64664,0.429703548085901,0.5702964519140991,41108
549,64782,0.3805380485527544,0.6194619514472456,41108
550,64900,0.3882469654528478,0.6117530345471522,41108
551,65018,0.3947595704948646,0.6052404295051353,41108
552,65136,0.4042658730158729,0.5957341269841271,41108
553,65254,0.4243697478991597,0.5756302521008403,41108
554,65372,0.4287231559290383,0.5712768440709617,41108
555,65490,0.1018615779645191,0.8981384220354809,41108
556,65608,0.3124708216619981,0.6875291783380019,41108
557,65726,0.4138071895424836,0.5861928104575164,41108
558,65844,0.5261146125116714,0.4738853874883287,41108
559,65962,0.6716795051353874,0.3283204948646125,41108
560,66080,0.5999708216619981,0.4000291783380019,41108
561,66198,0.3725723622782446,0.6274276377217554,41108
562,66316,0.6106442577030813,0.3893557422969188,41108
563,66434,0.6288690476190476,0.3711309523809524,41108
564,66552,0.6048669467787114,0.3951330532212885,41108
565,66670,0.088953081232493,0.9110469187675072,41108
566,66788,0.2949521475256769,0.7050478524743231,41108
567,66906,0.0804505135387488,0.9195494864612512,41108
568,67024,0.4278069561157796,0.5721930438842203,41108
569,67142,0.0724906629318394,0.9275093370681606,41108
570,67260,0.1142740429505135,0.8857259570494864,41108
571,67378,0.0665849673202614,0.9334150326797386,41108
572,67496,0.4514297385620915,0.5485702614379085,41108
573,67614,0.2022233893557423,0.7977766106442578,41108
574,67732,0.1569502801120448,0.8430497198879552,41108
575,67850,0.322000466853408,0.6779995331465921,41108
576,67968,0.1969654528478057,0.8030345471521942,41108
577,68086,0.4120798319327731,0.5879201680672269,41108
578,68204,0.1355508870214752,0.8644491129785248,41108
579,68322,0.4736052754435107,0.5263947245564893,41108
580,68440,0.0955532212885154,0.9044467787114846,41108
581,68558,0.0377917833800186,0.9622082166199812,41108
582,68676,0.3293884220354808,0.6706115779645191,41108
583,68794,0.098313492063492,0.901686507936508,41108
584,68912,0.1135445845004668,0.8864554154995331,41108
585,69030,0.0729283380018674,0.9270716619981326,41108
586,69148,0.1604166666666666,0.8395833333333333,41108
587,69266,0.1208975256769374,0.8791024743230625,41108
588,69384,0.1399509803921568,0.8600490196078432,41108
589,69502,0.579499299719888,0.4205007002801121,41108
590,69620,0.6353057889822595,0.3646942110177404,41108
591,69738,0.5647233893557423,0.4352766106442577,41108
592,69856,0.6139530812324929,0.386046918767507,41108
593,69974,0.6144199346405229,0.3855800653594771,41108
594,70092,0.5975256769374416,0.4024743230625584,41108
595,70210,0.5858193277310925,0.4141806722689076,41108
596,70328,0.5689484126984127,0.4310515873015873,41108
597,70446,0.0,1.0,41108
598,70564,0.1707808123249299,0.8292191876750701,41108
599,70682,0.2988503734827264,0.7011496265172735,41108
600,70800,0.4120039682539681,0.5879960317460318,41108
601,70918,0.3745564892623716,0.6254435107376284,41108
602,71036,0.4192518674136321,0.5807481325863679,41108
603,71154,0.417921335200747,0.5820786647992531,41108
604,71272,0.4137021475256769,0.5862978524743231,41108
605,71390,0.4244339402427637,0.5755660597572362,41108
606,71508,0.3661531279178338,0.6338468720821662,41108
607,71626,0.4111636321195145,0.5888363678804855,41108
608,71744,0.4123891223155929,0.5876108776844071,41108
609,71862,0.4150093370681606,0.5849906629318394,41108
610,71980,0.270640756302521,0.7293592436974791,41108
611,72098,0.2730975723622782,0.7269024276377217,41108
612,72216,0.2643557422969188,0.7356442577030813,41108
613,72334,0.3572712418300653,0.6427287581699347,41108
614,72452,0.2588001867413632,0.7411998132586368,41108
615,72570,0.2764239028944911,0.7235760971055089,41108
616,72688,0.3227124183006536,0.6772875816993464,41108
617,72806,0.3174953314659197,0.6825046685340803,41108
618,72924,0.3587243230625584,0.6412756769374417,41108
619,73042,0.3433881886087768,0.6566118113912232,41108
620,73160,0.346953781512605,0.6530462184873951,41108
621,73278,0.3656454248366013,0.6343545751633987,41108
622,73396,0.3609126984126984,0.6390873015873015,41108
623,73514,0.3557247899159664,0.6442752100840337,41108
624,73632,0.3605800653594771,0.6394199346405228,41108
625,73750,0.3624766573295985,0.6375233426704014,41108
626,73868,0.0590861344537815,0.9409138655462184,41108
627,73986,0.2495214752567693,0.7504785247432306,41108
628,74104,0.1869514472455649,0.8130485527544351,41108
629,74222,0.3017156862745098,0.6982843137254902,41108
630,74340,0.1820436507936508,0.8179563492063492,41108
631,74458,0.2081290849673202,0.7918709150326797,41108
632,74576,0.1944561157796452,0.8055438842203548,41108
633,74694,0.2862453314659197,0.7137546685340803,41108
634,74812,0.2843020541549953,0.7156979458450047,41108
635,74930,0.5909197012138189,0.4090802987861811,41108
636,75048,0.3637546685340803,0.6362453314659197,41108
637,75166,0.410766806722689,0.5892331932773109,41108
638,75284,0.4030287114845938,0.5969712885154062,41108
639,75402,0.3105158730158729,0.689484126984127,41108
640,75520,0.3612978524743231,0.6387021475256769,41108
641,75638,0.3013363678804855,0.6986636321195144,41108
642,75756,0.070547385620915,0.929452614379085,41108
643,75874,0.3299603174603174,0.6700396825396825,41108
644,75992,0.2197829131652661,0.7802170868347339,41108
645,76110,0.1736519607843137,0.8263480392156862,41108
646,76228,0.2072887488328665,0.7927112511671335,41108
647,76346,0.226313025210084,0.7736869747899159,41108
648,76464,0.1268674136321195,0.8731325863678805,41108
649,76582,0.1398517740429505,0.8601482259570495,41108
650,76700,0.0815126050420168,0.9184873949579831,41108
651,76818,0.2343253968253968,0.7656746031746032,41108
652,76936,0.1132002801120448,0.8867997198879551,41108
653,77054,0.5734477124183006,0.4265522875816993,41108
654,77172,0.5194969654528478,0.4805030345471522,41108
655,77290,0.1683881886087768,0.8316118113912232,41108
656,77408,0.0732726423902894,0.9267273576097106,41108
657,77526,0.1151552287581699,0.88484477124183,41108
658,77644,0.0815126050420168,0.9184873949579831,41108
659,77762,0.0443452380952381,0.955654761904762,41108
660,77880,0.0929213352007469,0.9070786647992528,41108
661,77998,0.1355042016806722,0.8644957983193278,41108
662,78116,0.5398225957049486,0.4601774042950513,41108
663,78234,0.127719421101774,0.8722805788982261,41108
664,78352,0.4594246031746032,0.5405753968253968,41108
665,78470,0.1980450513538748,0.8019549486461252,41108
666,78588,0.2067868814192343,0.7932131185807656,41108
667,78706,0.1402952847805789,0.8597047152194212,41108
668,78824,0.1598972922502334,0.8401027077497666,41108
669,78942,0.3515464519140989,0.6484535480859009,41108
670,79060,0.2596813725490196,0.7403186274509804,41108
671,79178,0.1778653127917834,0.8221346872082166,41108
672,79296,0.2104633520074696,0.7895366479925303,41108
673,79414,0.1141865079365079,0.8858134920634921,41108
674,79532,0.1931897759103641,0.8068102240896359,41108
675,79650,0.3539799253034547,0.6460200746965453,41108
676,79768,0.3693043884220355,0.6306956115779645,41108
677,79886,0.1253676470588235,0.8746323529411765,41108
678,80004,0.1761029411764706,0.8238970588235294,41108
679,80122,0.2757819794584501,0.7242180205415499,41108
680,80240,0.2490838001867413,0.7509161998132586,41108
681,80358,0.4664740896358544,0.5335259103641457,41108
682,80476,0.1390114379084967,0.8609885620915033,41108
683,80594,0.2725665266106442,0.7274334733893557,41108
684,80712,0.2757994864612512,0.7242005135387488,41108
685,80830,0.1344887955182072,0.8655112044817928,41108
686,80948,0.1897700746965452,0.8102299253034547,41108
687,81066,0.109891456582633,0.8901085434173669,41108
688,81184,0.2307422969187675,0.7692577030812325,41108
689,81302,0.2492413632119514,0.7507586367880486,41108
690,81420,0.2199754901960784,0.7800245098039216,41108
691,81538,0.2845880018674136,0.7154119981325864,41108
692,81656,0.2462359943977591,0.7537640056022409,41108
693,81774,0.2202264239028944,0.7797735760971055,41108
694,81892,0.1970529878618113,0.8029470121381886,41108
695,82010,0.1962009803921569,0.8037990196078432,41108
696,82128,0.2195903361344537,0.7804096638655462,41108
697,82246,0.6344654528478058,0.3655345471521942,41108
698,82364,0.1034138655462184,0.8965861344537815,41108
699,82482,0.1066818394024276,0.8933181605975724,41108
700,82600,0.4988737161531279,0.5011262838468721,41108
701,82718,0.0793417366946778,0.920658263305322,41108
702,82836,0.1441526610644257,0.8558473389355742,41108
703,82954,0.0992705415499533,0.9007294584500468,41108
704,83072,0.0783204948646125,0.9216795051353874,41108
705,83190,0.1576447245564892,0.8423552754435107,41108
706,83308,0.1988853874883286,0.8011146125116714,41108
707,83426,0.2189659197012138,0.7810340802987862,41108
708,83544,0.2689775910364145,0.7310224089635854,41108
709,83662,0.4328956582633053,0.5671043417366947,41108
710,83780,0.2180730625583566,0.7819269374416433,41108
711,83898,0.5161064425770309,0.4838935574229692,41108
712,84016,0.2230567226890756,0.7769432773109244,41108
713,84134,0.2885737628384687,0.7114262371615313,41108
714,84252,0.2198179271708683,0.7801820728291317,41108
715,84370,0.2395774976657329,0.760422502334267,41108
716,84488,0.1842203548085901,0.8157796451914099,41108
717,84606,0.2920226423902895,0.7079773576097106,41108
718,84724,0.1111753034547152,0.8888246965452847,41108
719,84842,0.2050245098039216,0.7949754901960784,41108
720,84960,0.1528828197945845,0.8471171802054155,41108
721,85078,0.0653186274509804,0.9346813725490196,41108
722,85196,0.0270191409897292,0.9729808590102708,41108
723,85314,0.1850840336134454,0.8149159663865546,41108
724,85432,0.0368055555555555,0.9631944444444444,41108
725,85550,0.1356267507002801,0.8643732492997199,41108
726,85668,0.0,1.0,41108
727,85786,0.0219362745098039,0.978063725490196,41108
728,85904,0.2231034080298786,0.7768965919701214,41108
729,86022,0.2741129785247433,0.7258870214752567,41108
730,86140,0.1553338001867413,0.8446661998132586,41108
731,86258,0.1679446778711484,0.8320553221288516,41108
732,86376,0.0550303454715219,0.944969654528478,41108
733,86494,0.1259570494864612,0.8740429505135388,41108
734,86612,0.0927170868347339,0.907282913165266,41108
735,86730,0.1279119981325863,0.8720880018674136,41108
736,86848,0.2697420634920635,0.7302579365079365,41108
737,86966,0.3660830999066293,0.6339169000933706,41108
738,87084,0.1267098506069094,0.8732901493930906,41108
739,87202,0.1425653594771241,0.8574346405228758,41108
740,87320,0.2131652661064425,0.7868347338935574,41108
741,87438,0.2311449579831933,0.7688550420168068,41108
742,87556,0.7305147058823529,0.269485294117647,41108
743,87674,0.4901552287581699,0.50984477124183,41108
744,87792,0.3410539215686274,0.6589460784313725,41108
745,87910,0.4251633986928105,0.5748366013071895,41108
746,88028,0.5447537348272642,0.4552462651727358,41108
747,88146,0.5232843137254902,0.4767156862745098,41108
748,88264,0.5725140056022409,0.4274859943977591,41108
749,88382,0.0,1.0,41108
750,88500,0.333671802054155,0.666328197945845,41108
751,88618,0.3070903361344538,0.6929096638655462,41108
752,88736,0.2806664332399626,0.7193335667600373,41108
753,88854,0.3155345471521942,0.6844654528478058,41108
754,88972,0.296749533146592,0.7032504668534081,41108
755,89090,0.3453723155929038,0.6546276844070962,41108
756,89208,0.2826447245564893,0.7173552754435107,41108
757,89326,0.3609185340802988,0.6390814659197012,41108
758,89444,0.4257119514472456,0.5742880485527544,41108
759,89562,0.4367588702147525,0.5632411297852474,41108
760,89680,0.4406337535014005,0.5593662464985995,41108
761,89798,0.4112394957983193,0.5887605042016807,41108
762,89916,0.4227299253034547,0.5772700746965452,41108
763,90034,0.4352299253034547,0.5647700746965453,41108
764,90152,0.4284430438842203,0.5715569561157796,41108
765,90270,0.4355975723622783,0.5644024276377217,41108
766,90388,0.4381185807656396,0.5618814192343604,41108
767,90506,0.4642448646125117,0.5357551353874883,41108
768,90624,0.4239670868347339,0.5760329131652661,41108
769,90742,0.4385387488328665,0.5614612511671335,41108
770,90860,0.2779470121381886,0.7220529878618114,41108
771,90978,0.2956115779645191,0.7043884220354809,41108
772,91096,0.3653828197945845,0.6346171802054155,41108
773,91214,0.2858835200746965,0.7141164799253035,41108
774,91332,0.1481676003734827,0.8518323996265172,41108
775,91450,0.0505252100840336,0.9494747899159665,41108
776,91568,0.4660947712418301,0.5339052287581699,41108
777,91686,0.4858076563958917,0.5141923436041083,41108
778,91804,0.4705473856209149,0.529452614379085,41108
779,91922,0.4658204948646125,0.5341795051353875,41108
780,92040,0.468312324929972,0.5316876750700279,41108
781,92158,0.502859477124183,0.497140522875817,41108
782,92276,0.4734710550887021,0.5265289449112979,41108
783,92394,0.4840919701213819,0.5159080298786182,41108
784,92512,0.4583975256769374,0.5416024743230625,41108
785,92630,0.468312324929972,0.5316876750700279,41108
786,92748,0.4446311858076564,0.5553688141923436,41108
787,92866,0.3005660597572362,0.6994339402427637,41108
788,92984,0.2871848739495798,0.7128151260504202,41108
789,93102,0.285562558356676,0.714437441643324,41108
790,93220,0.455905695611578,0.5440943043884221,41108
791,93338,0.3894957983193277,0.6105042016806723,41108
792,93456,0.3916958450046685,0.6083041549953314,41108
793,93574,0.4192810457516339,0.5807189542483661,41108
794,93692,0.3584967320261438,0.6415032679738563,41108
795,93810,0.3855042016806723,0.6144957983193278,41108
796,93928,0.39796918767507,0.6020308123249299,41108
797,94046,0.3848856209150327,0.6151143790849674,41108
798,94164,0.3841619981325864,0.6158380018674137,41108
799,94282,0.3657271241830065,0.6342728758169934,41108
800,94400,0.3797852474323062,0.6202147525676938,41108
801,94518,0.3901085434173669,0.6098914565826331,41108
802,94636,0.2584150326797386,0.7415849673202615,41108
803,94754,0.3146183473389356,0.6853816526610644,41108
804,94872,0.2355217086834733,0.7644782913165266,41108
805,94990,0.2376108776844071,0.7623891223155929,41108
806,95108,0.2410189075630252,0.7589810924369748,41108
807,95226,0.2521300186741363,0.7478699813258637,41108
808,95344,0.2572887488328664,0.7427112511671335,41108
809,95462,0.2542250233426704,0.7457749766573296,41108
810,95580,0.233718487394958,0.7662815126050421,41108
811,95698,0.1004201680672269,0.8995798319327731,41108
812,95816,0.0392565359477124,0.9607434640522876,41108
813,95934,0.4682831465919701,0.5317168534080299,41108
814,96052,0.0387955182072829,0.9612044817927172,41108
815,96170,0.025,0.975,41108
816,96288,0.1473564425770308,0.8526435574229692,41108
817,96406,0.4985410830999066,0.5014589169000934,41108
818,96524,0.475968720821662,0.524031279178338,41108
819,96642,0.4931255835667601,0.5068744164332399,41108
820,96760,0.5709150326797385,0.4290849673202614,41108
821,96878,0.0813667133520074,0.9186332866479924,41108
822,96996,0.0566001400560224,0.9433998599439776,41108
823,97114,0.0474323062558356,0.9525676937441644,41108
824,97232,0.0273342670401493,0.9726657329598506,41108
825,97350,0.0240896358543417,0.9759103641456582,41108
826,97468,0.0441701680672268,0.9558298319327732,41108
827,97586,0.5096988795518207,0.4903011204481793,41108
828,97704,0.3238970588235294,0.6761029411764706,41108
829,97822,0.0473039215686274,0.9526960784313724,41108
830,97940,0.0262838468720821,0.9737161531279178,41108
831,98058,0.1578898225957049,0.8421101774042951,41108
832,98176,0.4431664332399626,0.5568335667600374,41108
833,98294,0.0380368814192343,0.9619631185807656,41108
834,98412,0.4875583566760037,0.5124416433239962,41108
835,98530,0.0347047152194211,0.9652952847805788,41108
836,98648,0.5260795985060691,0.4739204014939309,41108
837,98766,0.2235410830999066,0.7764589169000934,41108
838,98884,0.2000233426704015,0.7999766573295986,41108
839,99002,0.2595296451914099,0.7404703548085901,41108
840,99120,0.1562383286647992,0.8437616713352007,41108
841,99238,0.1732376283846872,0.8267623716153127,41108
842,99356,0.3708625116713352,0.6291374883286648,41108
843,99474,0.3550011671335201,0.64499883286648,41108
844,99592,0.2293300653594771,0.7706699346405229,41108
845,99710,0.083829365079365,0.9161706349206348,41108
846,99828,0.2224206349206349,0.7775793650793651,41108
847,99946,0.1796160130718954,0.8203839869281045,41108
848,100064,0.1941818394024276,0.8058181605975724,41108
849,100182,0.2255543884220355,0.7744456115779645,41108
850,100300,0.4305380485527545,0.5694619514472455,41108
851,100418,0.1234652194211017,0.8765347805788982,41108
852,100536,0.1507236227824463,0.8492763772175537,41108
853,100654,0.1977532679738562,0.8022467320261438,41108
854,100772,0.218312324929972,0.781687675070028,41108
855,100890,0.1651202147525677,0.8348797852474323,41108
856,101008,0.281734360410831,0.718265639589169,41108
857,101126,0.2903478057889823,0.7096521942110178,41108
858,101244,0.2980683940242764,0.7019316059757236,41108
859,101362,0.3073295985060691,0.6926704014939309,41108
860,101480,0.2524042950513539,0.7475957049486461,41108
861,101598,0.2920868347338936,0.7079131652661065,41108
862,101716,0.242250233426704,0.7577497665732958,41108
863,101834,0.3351365546218487,0.6648634453781512,41108
864,101952,0.2329365079365079,0.7670634920634921,41108
865,102070,0.3406629318394024,0.6593370681605976,41108
866,102188,0.3344129318394024,0.6655870681605975,41108
867,102306,0.2640522875816993,0.7359477124183007,41108
868,102424,0.2351482259570495,0.7648517740429505,41108
869,102542,0.2825922035480859,0.7174077964519141,41108
870,102660,0.2850723622782446,0.7149276377217554,41108
871,102778,0.2210784313725489,0.7789215686274509,41108
872,102896,0.3325221755368814,0.6674778244631185,41108
873,103014,0.3274334733893557,0.6725665266106443,41108
874,103132,0.2673727824463118,0.7326272175536881,41108
875,103250,0.2504610177404295,0.7495389822595705,41108
876,103368,0.1723797852474323,0.8276202147525676,41108
877,103486,0.2921218487394958,0.7078781512605042,41108
878,103604,0.340797152194211,0.659202847805789,41108
879,103722,0.3643674136321195,0.6356325863678804,41108
880,103840,0.368843370681606,0.6311566293183941,41108
881,103958,0.3757061157796452,0.6242938842203548,41108
882,104076,0.4956699346405229,0.5043300653594771,41108
883,104194,0.242110177404295,0.7578898225957049,41108
884,104312,0.0,1.0,41108
885,104430,0.0,1.0,41108
886,104548,0.1264647525676937,0.8735352474323063,41108
887,104666,0.0,1.0,41108
888,104784,0.0,1.0,41108
889,104902,0.0,1.0,41108
890,105020,0.2524451447245565,0.7475548552754435,41108
891,105138,0.2366771708683473,0.7633228291316526,41108
892,105256,0.0,1.0,41108
893,105374,0.2258986928104575,0.7741013071895425,41108
894,105492,0.2670109710550887,0.7329890289449112,41108
895,105610,0.2554213352007469,0.7445786647992529,41108
896,105728,0.214735060690943,0.7852649393090569,41108
897,105846,0.2113328664799253,0.7886671335200747,41108
898,105964,0.1945494864612512,0.8054505135387489,41108
899,106082,0.3056430905695612,0.6943569094304388,41108
900,106200,0.3161589635854341,0.6838410364145658,41108
901,106318,0.3605392156862745,0.6394607843137254,41108
902,106436,0.3603466386554622,0.6396533613445378,41108
903,106554,0.3963352007469654,0.6036647992530345,41108
904,106672,0.3105275443510737,0.6894724556489262,41108
905,106790,0.2615079365079365,0.7384920634920635,41108
906,106908,0.4154119981325864,0.5845880018674137,41108
907,107026,0.0,1.0,41108
908,107144,0.0,1.0,41108
909,107262,0.0671802054154995,0.9328197945845004,41108
910,107380,0.0649334733893557,0.9350665266106444,41108
911,107498,0.0,1.0,41108
912,107616,0.0,1.0,41108
913,107734,0.0,1.0,41108
914,107852,0.1698529411764706,0.8301470588235295,41108
915,107970,0.1188433706816059,0.8811566293183941,41108
916,108088,0.244281045751634,0.7557189542483659,41108
917,108206,0.4016806722689076,0.5983193277310924,41108
918,108324,0.1986169467787114,0.8013830532212886,41108
919,108442,0.1365487861811391,0.8634512138188609,41108
920,108560,0.4791900093370682,0.5208099906629319,41108
921,108678,0.1233776844070961,0.8766223155929038,41108
922,108796,0.2012896825396825,0.7987103174603175,41108
923,108914,0.1595821661998132,0.8404178338001868,41108
924,109032,0.146376050420168,0.8536239495798319,41108
925,109150,0.2141281512605042,0.7858718487394958,41108
926,109268,0.1580298786181139,0.8419701213818861,41108
927,109386,0.0397233893557422,0.9602766106442576,41108
928,109504,0.0784838935574229,0.9215161064425772,41108
929,109622,0.0839635854341736,0.9160364145658264,41108
930,109740,0.1035655929038282,0.8964344070961718,41108
931,109858,0.0626692343604108,0.9373307656395892,41108
932,109976,0.0506652661064425,0.9493347338935574,41108
933,110094,0.0595821661998132,0.9404178338001868,41108
934,110212,0.0224089635854341,0.9775910364145658,41108
935,110330,0.0,1.0,41108
936,110448,0.1140581232492997,0.8859418767507002,41108
937,110566,0.2988270308123249,0.7011729691876751,41108
938,110684,0.2321078431372549,0.7678921568627451,41108
939,110802,0.132860644257703,0.8671393557422971,41108
940,110920,0.4784488795518208,0.5215511204481793,41108
941,111038,0.0577672735760971,0.9422327264239028,41108
942,111156,0.1590861344537815,0.8409138655462185,41108
943,111274,0.1558940242763772,0.8441059757236228,41108
944,111392,0.0912523342670401,0.9087476657329598,41108
945,111510,0.1623891223155929,0.8376108776844071,41108
946,111628,0.4435515873015873,0.5564484126984127,41108
947,111746,0.2557948179271708,0.7442051820728292,41108
948,111864,0.3320494864612511,0.6679505135387488,41108
949,111982,0.1174719887955182,0.8825280112044818,41108
950,112100,0.1437675070028011,0.8562324929971988,41108
951,112218,0.1508870214752567,0.8491129785247432,41108
952,112336,0.0050595238095238,0.9949404761904762,41108
953,112454,0.0,1.0,41108
954,112572,0.2261437908496732,0.7738562091503268,41108
955,112690,0.1051762371615312,0.8948237628384688,41108
956,112808,0.1365487861811391,0.8634512138188609,41108
957,112926,0.2710434173669468,0.7289565826330532,41108
958,113044,0.0968545751633987,0.9031454248366012,41108
959,113162,0.070985060690943,0.929014939309057,41108
960,113280,0.0,1.0,41108
961,113398,0.0934173669467787,0.9065826330532212,41108
962,113516,0.2156687675070028,0.7843312324929972,41108
963,113634,0.1274393090569561,0.8725606909430439,41108
964,113752,0.0534313725490196,0.9465686274509804,41108
965,113870,0.1805263772175536,0.8194736227824463,41108
966,113988,0.1268732492997198,0.8731267507002801,41108
967,114106,0.3334500466853408,0.6665499533146592,41108
968,114224,0.1668942577030812,0.8331057422969188,41108
969,114342,0.0917075163398692,0.9082924836601308,41108
970,114460,0.1899859943977591,0.8100140056022409,41108
971,114578,0.1501225490196078,0.8498774509803921,41108
972,114696,0.0876400560224089,0.9123599439775908,41108
973,114814,0.3141048085901027,0.6858951914098973,41108
974,114932,0.0174194677871148,0.9825805322128852,41108
975,115050,0.2381827731092437,0.7618172268907563,41108
976,115168,0.2348214285714285,0.7651785714285714,41108
977,115286,0.052532679738562,0.947467320261438,41108
978,115404,0.1003501400560224,0.8996498599439776,41108
979,115522,0.1090336134453781,0.8909663865546219,41108
980,115640,0.0831640989729225,0.9168359010270776,41108
981,115758,0.1615196078431372,0.8384803921568628,41108
982,115876,0.0707866479925303,0.9292133520074696,41108
983,115994,0.1019549486461251,0.8980450513538749,41108
984,116112,0.1102649393090569,0.889735060690943,41108
985,116230,0.1039274042950513,0.8960725957049487,41108
986,116348,0.0702380952380952,0.9297619047619048,41108
987,116466,0.0836309523809523,0.9163690476190476,41108
988,116584,0.1402836134453781,0.8597163865546219,41108
989,116702,0.1192110177404295,0.8807889822595705,41108
990,116820,0.1528478057889822,0.8471521942110177,41108
991,116938,0.1141865079365079,0.8858134920634921,41108
992,117056,0.1197478991596638,0.8802521008403361,41108
993,117174,0.1803396358543417,0.8196603641456582,41108
994,117292,0.1186858076563958,0.8813141923436041,41108
995,117410,0.1289332399626517,0.8710667600373483,41108
996,117528,0.3359418767507003,0.6640581232492997,41108
997,117646,0.1136612978524743,0.8863387021475256,41108
998,117764,0.1343370681605975,0.8656629318394025,41108
999,117882,0.2670693277310924,0.7329306722689075,41108
1000,118000,0.239093137254902,0.760906862745098,41108
1001,118118,0.2128267973856209,0.7871732026143791,41108
1002,118236,0.1705240429505135,0.8294759570494865,41108
1003,118354,0.0979925303454715,0.9020074696545284,41108
1004,118472,0.2046393557422969,0.795360644257703,41108
1005,118590,0.2155520541549953,0.7844479458450047,41108
1006,118708,0.0820144724556489,0.9179855275443508,41108
1007,118826,0.0700746965452847,0.9299253034547152,41108
1008,118944,0.2905812324929972,0.7094187675070028,41108
1009,119062,0.0953723155929038,0.9046276844070962,41108
1010,119180,0.1063141923436041,0.8936858076563959,41108
1011,119298,0.1432306255835667,0.8567693744164332,41108
1012,119416,0.3164215686274509,0.6835784313725489,41108
1013,119534,0.1346055088702147,0.8653944911297853,41108
1014,119652,0.0892740429505135,0.9107259570494864,41108
1015,119770,0.0714869281045751,0.9285130718954248,41108
1016,119888,0.1850548552754435,0.8149451447245565,41108
1017,120006,0.0917133520074696,0.9082866479925304,41108
1018,120124,0.1237219887955182,0.8762780112044818,41108
1019,120242,0.1457633053221288,0.8542366946778711,41108
1020,120360,0.1692985527544351,0.8307014472455649,41108
1021,120478,0.1335550887021475,0.8664449112978525,41108
1022,120596,0.0681781045751633,0.9318218954248366,41108
1023,120714,0.0860119047619047,0.9139880952380952,41108
1024,120832,0.1120798319327731,0.8879201680672268,41108
1025,120950,0.1301237161531279,0.8698762838468721,41108
1026,121068,0.0689659197012138,0.9310340802987862,41108
1027,121186,0.1266456582633053,0.8733543417366947,41108
1028,121304,0.0591911764705882,0.9408088235294118,41108
1029,121422,0.1588118580765639,0.8411881419234359,41108
1030,121540,0.141579131652661,0.8584208683473389,41108
1031,121658,0.1305030345471522,0.8694969654528478,41108
1032,121776,0.1515931372549019,0.848406862745098,41108
1033,121894,0.2562966853408029,0.743703314659197,41108
1034,122012,0.118376517273576,0.8816234827264239,41108
1035,122130,0.1319211017740429,0.8680788982259571,41108
1036,122248,0.0818394024276377,0.9181605975723622,41108
1037,122366,0.0663048552754435,0.9336951447245564,41108
1038,122484,0.1210550887021475,0.8789449112978525,41108
1039,122602,0.1922852474323062,0.8077147525676938,41108
1040,122720,0.0994456115779645,0.9005543884220355,41108
1041,122838,0.1803454715219421,0.8196545284780579,41108
1042,122956,0.1029703548085901,0.8970296451914099,41108
1043,123074,0.1235702614379085,0.8764297385620915,41108
1044,123192,0.130047852474323,0.869952147525677,41108
1045,123310,0.1487336601307189,0.8512663398692809,41108
1046,123428,0.0,1.0,41108
1047,123546,0.0,1.0,41108
1048,123664,0.0,1.0,41108
1049,123782,0.0,1.0,41108
