,frame_num,figure_area,ground_area,imdb_id
0,0,0.0,1.0,28523
1,90,0.0,1.0,28523
2,180,0.0,1.0,28523
3,270,0.0,1.0,28523
4,360,0.0,1.0,28523
5,450,0.0,1.0,28523
6,540,0.0,1.0,28523
7,630,0.0,1.0,28523
8,720,0.0,1.0,28523
9,810,0.0,1.0,28523
10,900,0.0,1.0,28523
11,990,0.0,1.0,28523
12,1080,0.0,1.0,28523
13,1170,0.0,1.0,28523
14,1260,0.0,1.0,28523
15,1350,0.0,1.0,28523
16,1440,0.0,1.0,28523
17,1530,0.0,1.0,28523
18,1620,0.0,1.0,28523
19,1710,0.0,1.0,28523
20,1800,0.0,1.0,28523
21,1890,0.0,1.0,28523
22,1980,0.0,1.0,28523
23,2070,0.0,1.0,28523
24,2160,0.0,1.0,28523
25,2250,0.0,1.0,28523
26,2340,0.0,1.0,28523
27,2430,0.0,1.0,28523
28,2520,0.0,1.0,28523
29,2610,0.0,1.0,28523
30,2700,0.0,1.0,28523
31,2790,0.0,1.0,28523
32,2880,0.0,1.0,28523
33,2970,0.0,1.0,28523
34,3060,0.2741145833333333,0.7258854166666666,28523
35,3150,0.0245833333333333,0.9754166666666668,28523
36,3240,0.21640625,0.78359375,28523
37,3330,0.37015625,0.62984375,28523
38,3420,0.4245572916666666,0.5754427083333333,28523
39,3510,0.4069401041666666,0.5930598958333333,28523
40,3600,0.3977083333333333,0.6022916666666667,28523
41,3690,0.6213802083333333,0.3786197916666666,28523
42,3780,0.6586197916666666,0.3413802083333333,28523
43,3870,0.3570572916666667,0.6429427083333333,28523
44,3960,0.4133723958333333,0.5866276041666667,28523
45,4050,0.2746614583333333,0.7253385416666667,28523
46,4140,0.4444791666666666,0.5555208333333334,28523
47,4230,0.3045572916666667,0.6954427083333333,28523
48,4320,0.3325260416666666,0.6674739583333333,28523
49,4410,0.6139453125,0.3860546875,28523
50,4500,0.5901302083333333,0.4098697916666666,28523
51,4590,0.559375,0.440625,28523
52,4680,0.5447916666666667,0.4552083333333333,28523
53,4770,0.5953515625,0.4046484375,28523
54,4860,0.5962109375,0.4037890625,28523
55,4950,0.3483072916666667,0.6516927083333334,28523
56,5040,0.395,0.605,28523
57,5130,0.3321354166666667,0.6678645833333333,28523
58,5220,0.4869270833333333,0.5130729166666667,28523
59,5310,0.3626041666666666,0.6373958333333334,28523
60,5400,0.368984375,0.631015625,28523
61,5490,0.5364973958333333,0.4635026041666666,28523
62,5580,0.4555729166666666,0.5444270833333333,28523
63,5670,0.4991276041666667,0.5008723958333333,28523
64,5760,0.3725260416666665,0.6274739583333333,28523
65,5850,0.5744140625,0.4255859375,28523
66,5940,0.5546223958333333,0.4453776041666666,28523
67,6030,0.1447005208333333,0.8552994791666667,28523
68,6120,0.0,1.0,28523
69,6210,0.0,1.0,28523
70,6300,0.3068489583333333,0.6931510416666666,28523
71,6390,0.3084895833333333,0.6915104166666667,28523
72,6480,0.3113411458333333,0.6886588541666666,28523
73,6570,0.2936979166666667,0.7063020833333333,28523
74,6660,0.2524739583333333,0.7475260416666667,28523
75,6750,0.3292447916666666,0.6707552083333334,28523
76,6840,0.290078125,0.709921875,28523
77,6930,0.2821614583333333,0.7178385416666667,28523
78,7020,0.285625,0.714375,28523
79,7110,0.0,1.0,28523
80,7200,0.4169921875,0.5830078125,28523
81,7290,0.2345182291666667,0.7654817708333334,28523
82,7380,0.3284765625,0.6715234375,28523
83,7470,0.3495833333333333,0.6504166666666666,28523
84,7560,0.308125,0.691875,28523
85,7650,0.2825,0.7175,28523
86,7740,0.3516666666666667,0.6483333333333333,28523
87,7830,0.3752213541666667,0.6247786458333333,28523
88,7920,0.3150651041666667,0.6849348958333333,28523
89,8010,0.32765625,0.67234375,28523
90,8100,0.3106119791666666,0.6893880208333333,28523
91,8190,0.312265625,0.687734375,28523
92,8280,0.4838541666666666,0.5161458333333333,28523
93,8370,0.5148046875,0.4851953125,28523
94,8460,0.4698697916666666,0.5301302083333334,28523
95,8550,0.4569401041666667,0.5430598958333334,28523
96,8640,0.3873307291666666,0.6126692708333333,28523
97,8730,0.4199088541666667,0.5800911458333333,28523
98,8820,0.2845833333333333,0.7154166666666667,28523
99,8910,0.311171875,0.688828125,28523
100,9000,0.4811588541666666,0.5188411458333333,28523
101,9090,0.4636067708333334,0.5363932291666667,28523
102,9180,0.0,1.0,28523
103,9270,0.0,1.0,28523
104,9360,0.0,1.0,28523
105,9450,0.3787109375,0.6212890625,28523
106,9540,0.4310286458333333,0.5689713541666667,28523
107,9630,0.4246875,0.5753125,28523
108,9720,0.4201302083333333,0.5798697916666666,28523
109,9810,0.4250390625,0.5749609375,28523
110,9900,0.4226953125,0.5773046875,28523
111,9990,0.419453125,0.580546875,28523
112,10080,0.4203645833333333,0.5796354166666666,28523
113,10170,0.3718229166666666,0.6281770833333333,28523
114,10260,0.38125,0.61875,28523
115,10350,0.3745833333333333,0.6254166666666666,28523
116,10440,0.3955989583333333,0.6044010416666666,28523
117,10530,0.3306510416666666,0.6693489583333333,28523
118,10620,0.2800390625,0.7199609375,28523
119,10710,0.3346354166666667,0.6653645833333334,28523
120,10800,0.3792578125,0.6207421875,28523
121,10890,0.5400520833333333,0.4599479166666667,28523
122,10980,0.0216796875,0.9783203125,28523
123,11070,0.0,1.0,28523
124,11160,0.0,1.0,28523
125,11250,0.0,1.0,28523
126,11340,0.0,1.0,28523
127,11430,0.0,1.0,28523
128,11520,0.0,1.0,28523
129,11610,0.0698958333333333,0.9301041666666666,28523
130,11700,0.061875,0.938125,28523
131,11790,0.2463932291666667,0.7536067708333334,28523
132,11880,0.2908072916666667,0.7091927083333334,28523
133,11970,0.3056119791666666,0.6943880208333333,28523
134,12060,0.507578125,0.492421875,28523
135,12150,0.4807291666666666,0.5192708333333333,28523
136,12240,0.5069401041666667,0.4930598958333333,28523
137,12330,0.5487239583333333,0.4512760416666667,28523
138,12420,0.4475,0.5525,28523
139,12510,0.4863932291666666,0.5136067708333333,28523
140,12600,0.1998958333333333,0.8001041666666666,28523
141,12690,0.0889973958333333,0.9110026041666668,28523
142,12780,0.2978385416666667,0.7021614583333333,28523
143,12870,0.1238541666666666,0.8761458333333333,28523
144,12960,0.2331770833333333,0.7668229166666667,28523
145,13050,0.4801953125,0.5198046875,28523
146,13140,0.5256510416666667,0.4743489583333334,28523
147,13230,0.4104427083333333,0.5895572916666667,28523
148,13320,0.5367838541666666,0.4632161458333333,28523
149,13410,0.3906640625,0.6093359375,28523
150,13500,0.40875,0.59125,28523
151,13590,0.5382161458333333,0.4617838541666667,28523
152,13680,0.5562890625,0.4437109375,28523
153,13770,0.450859375,0.549140625,28523
154,13860,0.0,1.0,28523
155,13950,0.4108984375,0.5891015625,28523
156,14040,0.3692708333333333,0.6307291666666667,28523
157,14130,0.1418489583333333,0.8581510416666667,28523
158,14220,0.4107291666666666,0.5892708333333333,28523
159,14310,0.0,1.0,28523
160,14400,0.4804947916666666,0.5195052083333334,28523
161,14490,0.1825130208333333,0.8174869791666667,28523
162,14580,0.0,1.0,28523
163,14670,0.0,1.0,28523
164,14760,0.1216145833333333,0.8783854166666667,28523
165,14850,0.0703385416666666,0.9296614583333334,28523
166,14940,0.0998046875,0.9001953125,28523
167,15030,0.375625,0.624375,28523
168,15120,0.3486067708333333,0.6513932291666666,28523
169,15210,0.356484375,0.643515625,28523
170,15300,0.23984375,0.76015625,28523
171,15390,0.3997005208333333,0.6002994791666667,28523
172,15480,0.5069010416666667,0.4930989583333333,28523
173,15570,0.390703125,0.609296875,28523
174,15660,0.321953125,0.678046875,28523
175,15750,0.4459114583333333,0.5540885416666667,28523
176,15840,0.36609375,0.63390625,28523
177,15930,0.2940885416666666,0.7059114583333334,28523
178,16020,0.3054817708333333,0.6945182291666666,28523
179,16110,0.3520833333333333,0.6479166666666667,28523
180,16200,0.2334505208333333,0.7665494791666667,28523
181,16290,0.2817447916666666,0.7182552083333333,28523
182,16380,0.4055989583333333,0.5944010416666666,28523
183,16470,0.3616015625,0.6383984375,28523
184,16560,0.5450911458333333,0.4549088541666666,28523
185,16650,0.4767447916666666,0.5232552083333334,28523
186,16740,0.0,1.0,28523
187,16830,0.0,1.0,28523
188,16920,0.4285807291666667,0.5714192708333333,28523
189,17010,0.6530729166666667,0.3469270833333333,28523
190,17100,0.4259635416666666,0.5740364583333334,28523
191,17190,0.445859375,0.554140625,28523
192,17280,0.5040364583333333,0.4959635416666667,28523
193,17370,0.4827083333333334,0.5172916666666667,28523
194,17460,0.214765625,0.785234375,28523
195,17550,0.3496223958333333,0.6503776041666667,28523
196,17640,0.2687630208333333,0.7312369791666666,28523
197,17730,0.3751953125,0.6248046875,28523
198,17820,0.4172135416666667,0.5827864583333333,28523
199,17910,0.3457552083333333,0.6542447916666667,28523
200,18000,0.0,1.0,28523
201,18090,0.3329166666666667,0.6670833333333334,28523
202,18180,0.3511067708333333,0.6488932291666667,28523
203,18270,0.2622395833333333,0.7377604166666667,28523
204,18360,0.3280729166666666,0.6719270833333333,28523
205,18450,0.2698697916666667,0.7301302083333333,28523
206,18540,0.2161979166666666,0.7838020833333333,28523
207,18630,0.3792838541666666,0.6207161458333333,28523
208,18720,0.4322135416666666,0.5677864583333333,28523
209,18810,0.4794010416666667,0.5205989583333334,28523
210,18900,0.4413411458333333,0.5586588541666667,28523
211,18990,0.47265625,0.52734375,28523
212,19080,0.48484375,0.51515625,28523
213,19170,0.5033723958333334,0.4966276041666667,28523
214,19260,0.4594010416666667,0.5405989583333334,28523
215,19350,0.6734765625,0.3265234375,28523
216,19440,0.5839322916666667,0.4160677083333333,28523
217,19530,0.494375,0.505625,28523
218,19620,0.3038411458333333,0.6961588541666667,28523
219,19710,0.2827994791666666,0.7172005208333333,28523
220,19800,0.3170052083333333,0.6829947916666667,28523
221,19890,0.3843098958333333,0.6156901041666667,28523
222,19980,0.2059505208333333,0.7940494791666667,28523
223,20070,0.0367057291666666,0.9632942708333332,28523
224,20160,0.3078776041666666,0.6921223958333333,28523
225,20250,0.5850390625,0.4149609375,28523
226,20340,0.5211588541666666,0.4788411458333333,28523
227,20430,0.5297265625,0.4702734375,28523
228,20520,0.4860286458333333,0.5139713541666666,28523
229,20610,0.465,0.535,28523
230,20700,0.4845963541666667,0.5154036458333333,28523
231,20790,0.4908723958333333,0.5091276041666667,28523
232,20880,0.2918359375,0.7081640625,28523
233,20970,0.1955598958333333,0.8044401041666667,28523
234,21060,0.2994270833333333,0.7005729166666667,28523
235,21150,0.3329817708333333,0.6670182291666666,28523
236,21240,0.3221354166666667,0.6778645833333333,28523
237,21330,0.368125,0.631875,28523
238,21420,0.38828125,0.61171875,28523
239,21510,0.296875,0.703125,28523
240,21600,0.2103255208333333,0.7896744791666667,28523
241,21690,0.2606119791666667,0.7393880208333333,28523
242,21780,0.1616015625,0.8383984375,28523
243,21870,0.1851953125,0.8148046875,28523
244,21960,0.2054036458333333,0.7945963541666666,28523
245,22050,0.3388541666666667,0.6611458333333333,28523
246,22140,0.1879557291666666,0.8120442708333333,28523
247,22230,0.2566927083333333,0.7433072916666666,28523
248,22320,0.0,1.0,28523
249,22410,0.1939322916666666,0.8060677083333333,28523
250,22500,0.0509765625,0.9490234375,28523
251,22590,0.1485026041666666,0.8514973958333333,28523
252,22680,0.1687109375,0.8312890625,28523
253,22770,0.1973828125,0.8026171875,28523
254,22860,0.1974609375,0.8025390625,28523
255,22950,0.2894270833333333,0.7105729166666667,28523
256,23040,0.3994921875,0.6005078125,28523
257,23130,0.1409244791666666,0.8590755208333334,28523
258,23220,0.3465494791666667,0.6534505208333333,28523
259,23310,0.3805078125,0.6194921875,28523
260,23400,0.2428125,0.7571875,28523
261,23490,0.1921614583333333,0.8078385416666667,28523
262,23580,0.3153125,0.6846875,28523
263,23670,0.2535286458333333,0.7464713541666667,28523
264,23760,0.3249479166666667,0.6750520833333333,28523
265,23850,0.474765625,0.525234375,28523
266,23940,0.2799609375,0.7200390625,28523
267,24030,0.4034505208333333,0.5965494791666667,28523
268,24120,0.3454947916666667,0.6545052083333334,28523
269,24210,0.4178125,0.5821875,28523
270,24300,0.3616145833333333,0.6383854166666667,28523
271,24390,0.5034375,0.4965625,28523
272,24480,0.4316276041666667,0.5683723958333333,28523
273,24570,0.4176953125,0.5823046875,28523
274,24660,0.7745963541666666,0.2254036458333333,28523
275,24750,0.3554166666666666,0.6445833333333333,28523
276,24840,0.30796875,0.69203125,28523
277,24930,0.2305598958333333,0.7694401041666666,28523
278,25020,0.3818619791666665,0.6181380208333334,28523
279,25110,0.4141536458333333,0.5858463541666666,28523
280,25200,0.3385026041666667,0.6614973958333333,28523
281,25290,0.4159765625,0.5840234375,28523
282,25380,0.386640625,0.613359375,28523
283,25470,0.3673958333333333,0.6326041666666666,28523
284,25560,0.3737760416666666,0.6262239583333333,28523
285,25650,0.3013411458333333,0.6986588541666666,28523
286,25740,0.731171875,0.268828125,28523
287,25830,0.4498177083333333,0.5501822916666667,28523
288,25920,0.4211979166666666,0.5788020833333334,28523
289,26010,0.4066145833333333,0.5933854166666667,28523
290,26100,0.3390234375,0.6609765625,28523
291,26190,0.3794661458333333,0.6205338541666666,28523
292,26280,0.2040625,0.7959375,28523
293,26370,0.4661067708333334,0.5338932291666667,28523
294,26460,0.4207682291666667,0.5792317708333333,28523
295,26550,0.394453125,0.605546875,28523
296,26640,0.5408854166666667,0.4591145833333333,28523
297,26730,0.4201302083333333,0.5798697916666666,28523
298,26820,0.5476302083333333,0.4523697916666667,28523
299,26910,0.5928125,0.4071875,28523
300,27000,0.4054817708333333,0.5945182291666666,28523
301,27090,0.3616015625,0.6383984375,28523
302,27180,0.314296875,0.685703125,28523
303,27270,0.6219921875,0.3780078125,28523
304,27360,0.4880859375,0.5119140625,28523
305,27450,0.3110677083333333,0.6889322916666667,28523
306,27540,0.3806640625,0.6193359375,28523
307,27630,0.4593229166666667,0.5406770833333333,28523
308,27720,0.448125,0.551875,28523
309,27810,0.274921875,0.725078125,28523
310,27900,0.4406380208333333,0.5593619791666666,28523
311,27990,0.5253385416666667,0.4746614583333333,28523
312,28080,0.3579296875,0.6420703125,28523
313,28170,0.331484375,0.668515625,28523
314,28260,0.1855598958333332,0.8144401041666667,28523
315,28350,0.0,1.0,28523
316,28440,0.0,1.0,28523
317,28530,0.0327213541666666,0.9672786458333332,28523
318,28620,0.1324869791666666,0.8675130208333334,28523
319,28710,0.2515755208333333,0.7484244791666667,28523
320,28800,0.5239713541666666,0.4760286458333333,28523
321,28890,0.4271875,0.5728125,28523
322,28980,0.3823567708333333,0.6176432291666667,28523
323,29070,0.4442838541666666,0.5557161458333333,28523
324,29160,0.4105338541666666,0.5894661458333333,28523
325,29250,0.0,1.0,28523
326,29340,0.3431901041666667,0.6568098958333334,28523
327,29430,0.2161328125,0.7838671875,28523
328,29520,0.2195442708333333,0.7804557291666666,28523
329,29610,0.17734375,0.82265625,28523
330,29700,0.3722526041666666,0.6277473958333334,28523
331,29790,0.0881640625,0.9118359375,28523
332,29880,0.0472395833333333,0.9527604166666668,28523
333,29970,0.3474479166666667,0.6525520833333334,28523
334,30060,0.3170833333333333,0.6829166666666666,28523
335,30150,0.5372916666666666,0.4627083333333333,28523
336,30240,0.2888541666666667,0.7111458333333334,28523
337,30330,0.3662890625,0.6337109375,28523
338,30420,0.2163541666666666,0.7836458333333334,28523
339,30510,0.3241145833333333,0.6758854166666667,28523
340,30600,0.316953125,0.683046875,28523
341,30690,0.4762630208333333,0.5237369791666666,28523
342,30780,0.2766015625,0.7233984375,28523
343,30870,0.0710286458333333,0.9289713541666668,28523
344,30960,0.0710546875,0.9289453125,28523
345,31050,0.0720572916666666,0.9279427083333334,28523
346,31140,0.0,1.0,28523
347,31230,0.0,1.0,28523
348,31320,0.3542708333333333,0.6457291666666667,28523
349,31410,0.4372005208333333,0.5627994791666666,28523
350,31500,0.0,1.0,28523
351,31590,0.2237760416666666,0.7762239583333334,28523
352,31680,0.3869661458333333,0.6130338541666667,28523
353,31770,0.2364322916666666,0.7635677083333333,28523
354,31860,0.1529427083333333,0.8470572916666667,28523
355,31950,0.0752213541666666,0.9247786458333334,28523
356,32040,0.0,1.0,28523
357,32130,0.0799609375,0.9200390625,28523
358,32220,0.11265625,0.88734375,28523
359,32310,0.0,1.0,28523
360,32400,0.2706119791666667,0.7293880208333333,28523
361,32490,0.1563020833333333,0.8436979166666667,28523
362,32580,0.2431640625,0.7568359375,28523
363,32670,0.2131770833333332,0.7868229166666667,28523
364,32760,0.3584635416666666,0.6415364583333333,28523
365,32850,0.4681640625,0.5318359375,28523
366,32940,0.6372005208333333,0.3627994791666666,28523
367,33030,0.6566536458333333,0.3433463541666666,28523
368,33120,0.6185026041666667,0.3814973958333333,28523
369,33210,0.4102213541666666,0.5897786458333333,28523
370,33300,0.4497135416666666,0.5502864583333333,28523
371,33390,0.4561197916666666,0.5438802083333333,28523
372,33480,0.2318489583333333,0.7681510416666667,28523
373,33570,0.2468098958333333,0.7531901041666667,28523
374,33660,0.4397526041666666,0.5602473958333334,28523
375,33750,0.676484375,0.323515625,28523
376,33840,0.6221354166666667,0.3778645833333333,28523
377,33930,0.618984375,0.381015625,28523
378,34020,0.5527864583333333,0.4472135416666666,28523
379,34110,0.6269010416666667,0.3730989583333333,28523
380,34200,0.628515625,0.371484375,28523
381,34290,0.1826432291666666,0.8173567708333334,28523
382,34380,0.34546875,0.65453125,28523
383,34470,0.3425911458333333,0.6574088541666666,28523
384,34560,0.5354036458333333,0.4645963541666666,28523
385,34650,0.5936197916666667,0.4063802083333333,28523
386,34740,0.5741666666666667,0.4258333333333333,28523
387,34830,0.5735546875,0.4264453125,28523
388,34920,0.5582942708333334,0.4417057291666666,28523
389,35010,0.611171875,0.388828125,28523
390,35100,0.5983463541666667,0.4016536458333333,28523
391,35190,0.3525520833333333,0.6474479166666667,28523
392,35280,0.3454947916666667,0.6545052083333334,28523
393,35370,0.3133984375,0.6866015625,28523
394,35460,0.3135026041666666,0.6864973958333334,28523
395,35550,0.6297916666666666,0.3702083333333333,28523
396,35640,0.6084505208333333,0.3915494791666666,28523
397,35730,0.0998307291666666,0.9001692708333333,28523
398,35820,0.0944401041666666,0.9055598958333332,28523
399,35910,0.1056901041666666,0.8943098958333333,28523
400,36000,0.3781640625,0.6218359375,28523
401,36090,0.0130859375,0.9869140625,28523
402,36180,0.2130338541666666,0.7869661458333334,28523
403,36270,0.2809895833333333,0.7190104166666667,28523
404,36360,0.2378645833333333,0.7621354166666666,28523
405,36450,0.0,1.0,28523
406,36540,0.0,1.0,28523
407,36630,0.0280078125,0.9719921875,28523
408,36720,0.3211067708333333,0.6788932291666666,28523
409,36810,0.068984375,0.931015625,28523
410,36900,0.2536588541666667,0.7463411458333333,28523
411,36990,0.1521875,0.8478125,28523
412,37080,0.1281770833333333,0.8718229166666667,28523
413,37170,0.3850651041666666,0.6149348958333334,28523
414,37260,0.3593098958333333,0.6406901041666667,28523
415,37350,0.0,1.0,28523
416,37440,0.4598958333333333,0.5401041666666667,28523
417,37530,0.4547526041666667,0.5452473958333334,28523
418,37620,0.1529817708333333,0.8470182291666667,28523
419,37710,0.4974088541666667,0.5025911458333333,28523
420,37800,0.0,1.0,28523
421,37890,0.0302083333333333,0.9697916666666668,28523
422,37980,0.4817578125,0.5182421875,28523
423,38070,0.4497786458333333,0.5502213541666666,28523
424,38160,0.4340755208333333,0.5659244791666667,28523
425,38250,0.0,1.0,28523
426,38340,0.7111067708333333,0.2888932291666666,28523
427,38430,0.2235546875,0.7764453125,28523
428,38520,0.2927083333333333,0.7072916666666667,28523
429,38610,0.2415755208333333,0.7584244791666667,28523
430,38700,0.14125,0.85875,28523
431,38790,0.1391927083333333,0.8608072916666667,28523
432,38880,0.0705729166666666,0.9294270833333332,28523
433,38970,0.0927864583333333,0.9072135416666668,28523
434,39060,0.1877994791666666,0.8122005208333334,28523
435,39150,0.1604947916666666,0.8395052083333333,28523
436,39240,0.0,1.0,28523
437,39330,0.0,1.0,28523
438,39420,0.0,1.0,28523
439,39510,0.0,1.0,28523
440,39600,0.1377734375,0.8622265625,28523
441,39690,0.1446223958333333,0.8553776041666666,28523
442,39780,0.0,1.0,28523
443,39870,0.0,1.0,28523
444,39960,0.0,1.0,28523
445,40050,0.0,1.0,28523
446,40140,0.0,1.0,28523
447,40230,0.0,1.0,28523
448,40320,0.3940104166666665,0.6059895833333333,28523
449,40410,0.3710026041666667,0.6289973958333334,28523
450,40500,0.3193098958333333,0.6806901041666666,28523
451,40590,0.0,1.0,28523
452,40680,0.4837760416666666,0.5162239583333333,28523
453,40770,0.5441666666666667,0.4558333333333333,28523
454,40860,0.3895052083333333,0.6104947916666666,28523
455,40950,0.3052864583333333,0.6947135416666667,28523
456,41040,0.2411848958333333,0.7588151041666666,28523
457,41130,0.1801041666666666,0.8198958333333334,28523
458,41220,0.1477213541666666,0.8522786458333333,28523
459,41310,0.3199869791666667,0.6800130208333334,28523
460,41400,0.2192447916666666,0.7807552083333333,28523
461,41490,0.2291276041666667,0.7708723958333333,28523
462,41580,0.2626692708333333,0.7373307291666666,28523
463,41670,0.3516276041666666,0.6483723958333333,28523
464,41760,0.36296875,0.63703125,28523
465,41850,0.2968098958333333,0.7031901041666667,28523
466,41940,0.2551953125,0.7448046875,28523
467,42030,0.2372786458333333,0.7627213541666666,28523
468,42120,0.4401041666666667,0.5598958333333334,28523
469,42210,0.4088541666666667,0.5911458333333334,28523
470,42300,0.4903776041666666,0.5096223958333334,28523
471,42390,0.5090364583333333,0.4909635416666666,28523
472,42480,0.4806119791666666,0.5193880208333334,28523
473,42570,0.5121744791666667,0.4878255208333334,28523
474,42660,0.54921875,0.45078125,28523
475,42750,0.1685026041666666,0.8314973958333334,28523
476,42840,0.2320052083333333,0.7679947916666666,28523
477,42930,0.4700130208333334,0.5299869791666667,28523
478,43020,0.0634635416666666,0.9365364583333332,28523
479,43110,0.5300651041666666,0.4699348958333333,28523
480,43200,0.5159635416666667,0.4840364583333333,28523
481,43290,0.5564453125,0.4435546875,28523
482,43380,0.7654036458333333,0.2345963541666666,28523
483,43470,0.5034114583333333,0.4965885416666666,28523
484,43560,0.1118489583333333,0.8881510416666667,28523
485,43650,0.0,1.0,28523
486,43740,0.0727604166666666,0.9272395833333332,28523
487,43830,0.4923567708333334,0.5076432291666667,28523
488,43920,0.5007682291666666,0.4992317708333333,28523
489,44010,0.4977083333333333,0.5022916666666667,28523
490,44100,0.0231119791666666,0.9768880208333334,28523
491,44190,0.0,1.0,28523
492,44280,0.0,1.0,28523
493,44370,0.0,1.0,28523
494,44460,0.0774609375,0.9225390625,28523
495,44550,0.063515625,0.936484375,28523
496,44640,0.4836588541666666,0.5163411458333333,28523
497,44730,0.4294270833333333,0.5705729166666667,28523
498,44820,0.5054947916666667,0.4945052083333333,28523
499,44910,0.436328125,0.563671875,28523
500,45000,0.5552994791666667,0.4447005208333333,28523
501,45090,0.4287109375,0.5712890625,28523
502,45180,0.5377213541666667,0.4622786458333333,28523
503,45270,0.6133984375,0.3866015625,28523
504,45360,0.4783072916666667,0.5216927083333334,28523
505,45450,0.1760026041666666,0.8239973958333333,28523
506,45540,0.1856119791666666,0.8143880208333333,28523
507,45630,0.2691666666666667,0.7308333333333333,28523
508,45720,0.2828255208333333,0.7171744791666667,28523
509,45810,0.233125,0.766875,28523
510,45900,0.1725520833333333,0.8274479166666666,28523
511,45990,0.305859375,0.694140625,28523
512,46080,0.3966145833333333,0.6033854166666667,28523
513,46170,0.4384895833333333,0.5615104166666667,28523
514,46260,0.5388671875,0.4611328125,28523
515,46350,0.5265494791666666,0.4734505208333333,28523
516,46440,0.1356901041666666,0.8643098958333333,28523
517,46530,0.0654557291666666,0.9345442708333334,28523
518,46620,0.0113671875,0.9886328125,28523
519,46710,0.3376953125,0.6623046875,28523
520,46800,0.0,1.0,28523
521,46890,0.2216927083333332,0.7783072916666667,28523
522,46980,0.39875,0.60125,28523
523,47070,0.3452604166666667,0.6547395833333334,28523
524,47160,0.3259895833333333,0.6740104166666666,28523
525,47250,0.3252213541666666,0.6747786458333334,28523
526,47340,0.3515234375,0.6484765625,28523
527,47430,0.227578125,0.772421875,28523
528,47520,0.0,1.0,28523
529,47610,0.0,1.0,28523
530,47700,0.1087369791666666,0.8912630208333333,28523
531,47790,0.0849088541666666,0.9150911458333332,28523
532,47880,0.1307552083333333,0.8692447916666667,28523
533,47970,0.1657942708333333,0.8342057291666667,28523
534,48060,0.0,1.0,28523
535,48150,0.021796875,0.978203125,28523
536,48240,0.061484375,0.938515625,28523
537,48330,0.0425911458333333,0.9574088541666668,28523
538,48420,0.0361458333333333,0.9638541666666668,28523
539,48510,0.3710546875,0.6289453125,28523
540,48600,0.0,1.0,28523
541,48690,0.1790755208333333,0.8209244791666667,28523
542,48780,0.3561328125,0.6438671875,28523
543,48870,0.3615625,0.6384375,28523
544,48960,0.3645442708333333,0.6354557291666667,28523
545,49050,0.4134635416666666,0.5865364583333333,28523
546,49140,0.3830078125,0.6169921875,28523
547,49230,0.0,1.0,28523
548,49320,0.0,1.0,28523
549,49410,0.0,1.0,28523
550,49500,0.0,1.0,28523
551,49590,0.0,1.0,28523
552,49680,0.0,1.0,28523
553,49770,0.0,1.0,28523
554,49860,0.0,1.0,28523
555,49950,0.2666666666666666,0.7333333333333333,28523
556,50040,0.3077734375,0.6922265625,28523
557,50130,0.2720442708333333,0.7279557291666666,28523
558,50220,0.0,1.0,28523
559,50310,0.0221354166666666,0.9778645833333334,28523
560,50400,0.0802473958333333,0.9197526041666668,28523
561,50490,0.1832552083333333,0.8167447916666667,28523
562,50580,0.0553385416666666,0.9446614583333334,28523
563,50670,0.0,1.0,28523
564,50760,0.4148177083333333,0.5851822916666667,28523
565,50850,0.3594010416666666,0.6405989583333334,28523
566,50940,0.4529166666666667,0.5470833333333334,28523
567,51030,0.0,1.0,28523
568,51120,0.0,1.0,28523
569,51210,0.0950390625,0.9049609375,28523
570,51300,0.0,1.0,28523
571,51390,0.0,1.0,28523
572,51480,0.6198307291666667,0.3801692708333333,28523
573,51570,0.5452994791666667,0.4547005208333333,28523
574,51660,0.6091666666666666,0.3908333333333333,28523
575,51750,0.1142447916666666,0.8857552083333333,28523
576,51840,0.3102083333333333,0.6897916666666667,28523
577,51930,0.3091536458333333,0.6908463541666666,28523
578,52020,0.41265625,0.58734375,28523
579,52110,0.3455598958333333,0.6544401041666666,28523
580,52200,0.3011458333333333,0.6988541666666667,28523
581,52290,0.2721223958333333,0.7278776041666667,28523
582,52380,0.2038020833333333,0.7961979166666666,28523
583,52470,0.1967578125,0.8032421875,28523
584,52560,0.2966796875,0.7033203125,28523
585,52650,0.2721744791666666,0.7278255208333333,28523
586,52740,0.18265625,0.81734375,28523
587,52830,0.2721614583333333,0.7278385416666666,28523
588,52920,0.2770052083333333,0.7229947916666667,28523
589,53010,0.3248177083333333,0.6751822916666667,28523
590,53100,0.341328125,0.658671875,28523
591,53190,0.3389322916666666,0.6610677083333333,28523
592,53280,0.4383203125,0.5616796875,28523
593,53370,0.4567317708333333,0.5432682291666666,28523
594,53460,0.5504557291666666,0.4495442708333333,28523
595,53550,0.4120963541666667,0.5879036458333333,28523
596,53640,0.5164583333333334,0.4835416666666666,28523
597,53730,0.166796875,0.833203125,28523
598,53820,0.271015625,0.728984375,28523
599,53910,0.1796354166666666,0.8203645833333333,28523
600,54000,0.2808203125,0.7191796875,28523
601,54090,0.49375,0.50625,28523
602,54180,0.4925651041666666,0.5074348958333333,28523
603,54270,0.5219921875,0.4780078125,28523
604,54360,0.5012890625,0.4987109375,28523
605,54450,0.495703125,0.504296875,28523
606,54540,0.5146484375,0.4853515625,28523
607,54630,0.4986979166666667,0.5013020833333334,28523
608,54720,0.5226822916666667,0.4773177083333333,28523
609,54810,0.5195833333333333,0.4804166666666666,28523
610,54900,0.3557421875,0.6442578125,28523
611,54990,0.2223697916666666,0.7776302083333333,28523
612,55080,0.3824348958333333,0.6175651041666667,28523
613,55170,0.4207421875,0.5792578125,28523
614,55260,0.40828125,0.59171875,28523
615,55350,0.414609375,0.585390625,28523
616,55440,0.452890625,0.547109375,28523
617,55530,0.48125,0.51875,28523
618,55620,0.4752604166666667,0.5247395833333334,28523
619,55710,0.1810807291666666,0.8189192708333334,28523
620,55800,0.397265625,0.602734375,28523
621,55890,0.4470833333333333,0.5529166666666666,28523
622,55980,0.5036197916666667,0.4963802083333334,28523
623,56070,0.5131380208333334,0.4868619791666667,28523
624,56160,0.3877604166666666,0.6122395833333333,28523
625,56250,0.4812890625,0.5187109375,28523
626,56340,0.475078125,0.524921875,28523
627,56430,0.4640234375,0.5359765625,28523
628,56520,0.4747135416666667,0.5252864583333333,28523
629,56610,0.528359375,0.471640625,28523
630,56700,0.4750260416666667,0.5249739583333334,28523
631,56790,0.4944140625,0.5055859375,28523
632,56880,0.1941536458333333,0.8058463541666666,28523
633,56970,0.2620442708333333,0.7379557291666666,28523
634,57060,0.2019140625,0.7980859375,28523
635,57150,0.4084375,0.5915625,28523
636,57240,0.336640625,0.663359375,28523
637,57330,0.4343489583333333,0.5656510416666667,28523
638,57420,0.5073828125,0.4926171875,28523
639,57510,0.5207291666666667,0.4792708333333333,28523
640,57600,0.4907161458333333,0.5092838541666667,28523
641,57690,0.5640364583333334,0.4359635416666667,28523
642,57780,0.1807682291666666,0.8192317708333333,28523
643,57870,0.423359375,0.576640625,28523
644,57960,0.4459765625,0.5540234375,28523
645,58050,0.4611588541666667,0.5388411458333333,28523
646,58140,0.4499609375,0.5500390625,28523
647,58230,0.4419140625,0.5580859375,28523
648,58320,0.4470182291666666,0.5529817708333333,28523
649,58410,0.4591796875,0.5408203125,28523
650,58500,0.5137760416666667,0.4862239583333333,28523
651,58590,0.5352864583333333,0.4647135416666667,28523
652,58680,0.5514583333333334,0.4485416666666666,28523
653,58770,0.547265625,0.452734375,28523
654,58860,0.4472916666666665,0.5527083333333334,28523
655,58950,0.5063541666666667,0.4936458333333333,28523
656,59040,0.5072005208333333,0.4927994791666666,28523
657,59130,0.5671354166666667,0.4328645833333333,28523
658,59220,0.5179817708333333,0.4820182291666666,28523
659,59310,0.5243489583333333,0.4756510416666666,28523
660,59400,0.3592578125,0.6407421875,28523
661,59490,0.3572005208333333,0.6427994791666667,28523
662,59580,0.1193619791666666,0.8806380208333333,28523
663,59670,0.2189713541666666,0.7810286458333333,28523
664,59760,0.451171875,0.548828125,28523
665,59850,0.454453125,0.545546875,28523
666,59940,0.4835677083333334,0.5164322916666667,28523
667,60030,0.4826822916666666,0.5173177083333333,28523
668,60120,0.4701302083333334,0.5298697916666667,28523
669,60210,0.4751822916666666,0.5248177083333333,28523
670,60300,0.5302604166666667,0.4697395833333333,28523
671,60390,0.4288541666666666,0.5711458333333334,28523
672,60480,0.4360026041666665,0.5639973958333333,28523
673,60570,0.4582552083333333,0.5417447916666667,28523
674,60660,0.2484635416666667,0.7515364583333334,28523
675,60750,0.4425911458333333,0.5574088541666666,28523
676,60840,0.5640755208333333,0.4359244791666666,28523
677,60930,0.5441276041666666,0.4558723958333333,28523
678,61020,0.5829947916666667,0.4170052083333333,28523
679,61110,0.5552213541666666,0.4447786458333333,28523
680,61200,0.3998828125,0.6001171875,28523
681,61290,0.1604036458333333,0.8395963541666667,28523
682,61380,0.0702604166666666,0.9297395833333332,28523
683,61470,0.1797135416666666,0.8202864583333334,28523
684,61560,0.233125,0.766875,28523
685,61650,0.2780208333333333,0.7219791666666666,28523
686,61740,0.66296875,0.33703125,28523
687,61830,0.5988411458333334,0.4011588541666667,28523
688,61920,0.5266796875,0.4733203125,28523
689,62010,0.5744661458333333,0.4255338541666666,28523
690,62100,0.5523307291666667,0.4476692708333333,28523
691,62190,0.4363671875,0.5636328125,28523
692,62280,0.6524088541666667,0.3475911458333333,28523
693,62370,0.6214322916666667,0.3785677083333333,28523
694,62460,0.2290104166666666,0.7709895833333333,28523
695,62550,0.1993229166666666,0.8006770833333333,28523
696,62640,0.2093098958333333,0.7906901041666666,28523
697,62730,0.2244921875,0.7755078125,28523
698,62820,0.6607942708333333,0.3392057291666667,28523
699,62910,0.6404557291666667,0.3595442708333333,28523
700,63000,0.7120833333333333,0.2879166666666666,28523
701,63090,0.4352864583333333,0.5647135416666667,28523
702,63180,0.5046484375,0.4953515625,28523
703,63270,0.538828125,0.461171875,28523
704,63360,0.5991015625,0.4008984375,28523
705,63450,0.5483333333333333,0.4516666666666666,28523
706,63540,0.5526171875,0.4473828125,28523
707,63630,0.4114192708333333,0.5885807291666667,28523
708,63720,0.354921875,0.645078125,28523
709,63810,0.4353385416666667,0.5646614583333334,28523
710,63900,0.4919401041666666,0.5080598958333333,28523
711,63990,0.5492447916666666,0.4507552083333333,28523
712,64080,0.45515625,0.54484375,28523
713,64170,0.5248828125,0.4751171875,28523
714,64260,0.5041145833333334,0.4958854166666667,28523
715,64350,0.3273177083333333,0.6726822916666667,28523
716,64440,0.5949609375,0.4050390625,28523
717,64530,0.5799739583333333,0.4200260416666667,28523
718,64620,0.634921875,0.365078125,28523
719,64710,0.4156901041666667,0.5843098958333334,28523
720,64800,0.4422265625,0.5577734375,28523
721,64890,0.2650130208333333,0.7349869791666667,28523
722,64980,0.2449869791666667,0.7550130208333333,28523
723,65070,0.2563671875,0.7436328125,28523
724,65160,0.3278645833333333,0.6721354166666667,28523
725,65250,0.388359375,0.611640625,28523
726,65340,0.4800260416666667,0.5199739583333334,28523
727,65430,0.3946484375,0.6053515625,28523
728,65520,0.4109505208333333,0.5890494791666666,28523
729,65610,0.6825911458333334,0.3174088541666666,28523
730,65700,0.5096875,0.4903125,28523
731,65790,0.5569661458333334,0.4430338541666667,28523
732,65880,0.2940494791666667,0.7059505208333333,28523
733,65970,0.4860416666666666,0.5139583333333333,28523
734,66060,0.4452994791666667,0.5547005208333333,28523
735,66150,0.1675260416666666,0.8324739583333334,28523
736,66240,0.44890625,0.55109375,28523
737,66330,0.3514322916666667,0.6485677083333333,28523
738,66420,0.69234375,0.30765625,28523
739,66510,0.3318619791666666,0.6681380208333333,28523
740,66600,0.7084765625,0.2915234375,28523
741,66690,0.6299479166666667,0.3700520833333333,28523
742,66780,0.5061588541666666,0.4938411458333333,28523
743,66870,0.5071614583333334,0.4928385416666667,28523
744,66960,0.5475130208333333,0.4524869791666667,28523
745,67050,0.5783723958333333,0.4216276041666666,28523
746,67140,0.5898828125,0.4101171875,28523
747,67230,0.6372916666666667,0.3627083333333333,28523
748,67320,0.4356119791666666,0.5643880208333333,28523
749,67410,0.4462369791666666,0.5537630208333333,28523
750,67500,0.4126692708333333,0.5873307291666666,28523
751,67590,0.3448828125,0.6551171875,28523
752,67680,0.3576432291666667,0.6423567708333333,28523
753,67770,0.30875,0.69125,28523
754,67860,0.5676432291666667,0.4323567708333333,28523
755,67950,0.5641015625,0.4358984375,28523
756,68040,0.656875,0.343125,28523
757,68130,0.5540625,0.4459375,28523
758,68220,0.477109375,0.522890625,28523
759,68310,0.3844921875,0.6155078125,28523
760,68400,0.3997265625,0.6002734375,28523
761,68490,0.4100130208333333,0.5899869791666666,28523
762,68580,0.4060026041666666,0.5939973958333333,28523
763,68670,0.4607682291666666,0.5392317708333333,28523
764,68760,0.4876302083333333,0.5123697916666666,28523
765,68850,0.5325520833333334,0.4674479166666667,28523
766,68940,0.5459895833333334,0.4540104166666667,28523
767,69030,0.5638671875,0.4361328125,28523
768,69120,0.54640625,0.45359375,28523
769,69210,0.4220703125,0.5779296875,28523
770,69300,0.4377994791666666,0.5622005208333334,28523
771,69390,0.374921875,0.625078125,28523
772,69480,0.4997265625,0.5002734375,28523
773,69570,0.5163802083333333,0.4836197916666667,28523
774,69660,0.6567578125,0.3432421875,28523
775,69750,0.5539453125,0.4460546875,28523
776,69840,0.4162239583333333,0.5837760416666666,28523
777,69930,0.4265885416666666,0.5734114583333333,28523
778,70020,0.4100260416666667,0.5899739583333333,28523
779,70110,0.3910286458333333,0.6089713541666667,28523
780,70200,0.41921875,0.58078125,28523
781,70290,0.4771223958333333,0.5228776041666666,28523
782,70380,0.370625,0.629375,28523
783,70470,0.3941796875,0.6058203125,28523
784,70560,0.4907942708333333,0.5092057291666666,28523
785,70650,0.3648567708333333,0.6351432291666667,28523
786,70740,0.5089973958333334,0.4910026041666667,28523
787,70830,0.4935026041666667,0.5064973958333333,28523
788,70920,0.40828125,0.59171875,28523
789,71010,0.532578125,0.467421875,28523
790,71100,0.4035677083333333,0.5964322916666667,28523
791,71190,0.4451822916666667,0.5548177083333333,28523
792,71280,0.5397135416666666,0.4602864583333333,28523
793,71370,0.5866015625,0.4133984375,28523
794,71460,0.520078125,0.479921875,28523
795,71550,0.4151822916666666,0.5848177083333334,28523
796,71640,0.6560026041666667,0.3439973958333333,28523
797,71730,0.6433072916666667,0.3566927083333333,28523
798,71820,0.6716276041666667,0.3283723958333333,28523
799,71910,0.6945442708333334,0.3054557291666667,28523
800,72000,0.7321614583333333,0.2678385416666666,28523
801,72090,0.72859375,0.27140625,28523
802,72180,0.5165234375,0.4834765625,28523
803,72270,0.30796875,0.69203125,28523
804,72360,0.7518619791666666,0.2481380208333333,28523
805,72450,0.769296875,0.230703125,28523
806,72540,0.7560286458333333,0.2439713541666666,28523
807,72630,0.75296875,0.24703125,28523
808,72720,0.6978515625,0.3021484375,28523
809,72810,0.7732291666666666,0.2267708333333333,28523
810,72900,0.7688671875,0.2311328125,28523
811,72990,0.7629817708333333,0.2370182291666667,28523
812,73080,0.55578125,0.44421875,28523
813,73170,0.4866015625,0.5133984375,28523
814,73260,0.3429557291666667,0.6570442708333334,28523
815,73350,0.3164583333333333,0.6835416666666667,28523
816,73440,0.5287760416666667,0.4712239583333334,28523
817,73530,0.5585677083333334,0.4414322916666665,28523
818,73620,0.38671875,0.61328125,28523
819,73710,0.3848046875,0.6151953125,28523
820,73800,0.0,1.0,28523
821,73890,0.15171875,0.84828125,28523
822,73980,0.2455338541666667,0.7544661458333334,28523
823,74070,0.149375,0.850625,28523
824,74160,0.1317057291666666,0.8682942708333333,28523
825,74250,0.1465625,0.8534375,28523
826,74340,0.193203125,0.806796875,28523
827,74430,0.3010416666666666,0.6989583333333333,28523
828,74520,0.3569921875,0.6430078125,28523
829,74610,0.540078125,0.459921875,28523
830,74700,0.539609375,0.460390625,28523
831,74790,0.5127083333333333,0.4872916666666667,28523
832,74880,0.4811848958333334,0.5188151041666667,28523
833,74970,0.2881901041666667,0.7118098958333333,28523
834,75060,0.56234375,0.43765625,28523
835,75150,0.5827994791666666,0.4172005208333333,28523
836,75240,0.5950520833333334,0.4049479166666667,28523
837,75330,0.5747786458333334,0.4252213541666667,28523
838,75420,0.2737890625,0.7262109375,28523
839,75510,0.1423697916666666,0.8576302083333334,28523
840,75600,0.0,1.0,28523
841,75690,0.2447135416666667,0.7552864583333333,28523
842,75780,0.29625,0.70375,28523
843,75870,0.3248828125,0.6751171875,28523
844,75960,0.311875,0.688125,28523
845,76050,0.281796875,0.718203125,28523
846,76140,0.3080208333333333,0.6919791666666667,28523
847,76230,0.0789322916666666,0.9210677083333332,28523
848,76320,0.3223697916666667,0.6776302083333333,28523
849,76410,0.1876432291666666,0.8123567708333334,28523
850,76500,0.2238411458333333,0.7761588541666666,28523
851,76590,0.0987369791666666,0.9012630208333332,28523
852,76680,0.3370572916666666,0.6629427083333334,28523
853,76770,0.65671875,0.34328125,28523
854,76860,0.5915364583333333,0.4084635416666666,28523
855,76950,0.3952604166666666,0.6047395833333333,28523
856,77040,0.1275520833333333,0.8724479166666667,28523
857,77130,0.1178385416666666,0.8821614583333334,28523
858,77220,0.5540104166666666,0.4459895833333333,28523
859,77310,0.5313541666666667,0.4686458333333333,28523
860,77400,0.4984635416666667,0.5015364583333334,28523
861,77490,0.6319661458333333,0.3680338541666667,28523
862,77580,0.6396484375,0.3603515625,28523
863,77670,0.2545442708333333,0.7454557291666667,28523
864,77760,0.460390625,0.539609375,28523
865,77850,0.5796875,0.4203125,28523
866,77940,0.1410677083333333,0.8589322916666666,28523
867,78030,0.3234114583333333,0.6765885416666667,28523
868,78120,0.22671875,0.77328125,28523
869,78210,0.2419791666666666,0.7580208333333334,28523
870,78300,0.3429817708333333,0.6570182291666666,28523
871,78390,0.3478515625,0.6521484375,28523
872,78480,0.2937760416666666,0.7062239583333333,28523
873,78570,0.0,1.0,28523
874,78660,0.2940494791666667,0.7059505208333333,28523
875,78750,0.0,1.0,28523
876,78840,0.0384635416666666,0.9615364583333332,28523
877,78930,0.0,1.0,28523
878,79020,0.0,1.0,28523
879,79110,0.344296875,0.655703125,28523
880,79200,0.0,1.0,28523
881,79290,0.1721614583333333,0.8278385416666667,28523
882,79380,0.1436588541666666,0.8563411458333333,28523
883,79470,0.1084765625,0.8915234375,28523
884,79560,0.0,1.0,28523
885,79650,0.0,1.0,28523
886,79740,0.238203125,0.761796875,28523
887,79830,0.0,1.0,28523
888,79920,0.0,1.0,28523
889,80010,0.0,1.0,28523
890,80100,0.0,1.0,28523
891,80190,0.0,1.0,28523
892,80280,0.0,1.0,28523
893,80370,0.43953125,0.56046875,28523
894,80460,0.4109244791666667,0.5890755208333334,28523
895,80550,0.3753125,0.6246875,28523
896,80640,0.45171875,0.54828125,28523
897,80730,0.4210286458333333,0.5789713541666667,28523
898,80820,0.0,1.0,28523
899,80910,0.0,1.0,28523
900,81000,0.0,1.0,28523
901,81090,0.0,1.0,28523
902,81180,0.0,1.0,28523
903,81270,0.0,1.0,28523
904,81360,0.191484375,0.808515625,28523
905,81450,0.1933463541666666,0.8066536458333333,28523
906,81540,0.1704166666666666,0.8295833333333333,28523
907,81630,0.3969921875,0.6030078125,28523
908,81720,0.35453125,0.64546875,28523
909,81810,0.376875,0.623125,28523
910,81900,0.42828125,0.57171875,28523
911,81990,0.4263671875,0.5736328125,28523
912,82080,0.4271354166666666,0.5728645833333333,28523
913,82170,0.4451171875,0.5548828125,28523
914,82260,0.4209765625,0.5790234375,28523
915,82350,0.4420833333333333,0.5579166666666666,28523
916,82440,0.4903385416666667,0.5096614583333333,28523
917,82530,0.0,1.0,28523
918,82620,0.1437109375,0.8562890625,28523
919,82710,0.0643619791666666,0.9356380208333334,28523
920,82800,0.0,1.0,28523
921,82890,0.0,1.0,28523
922,82980,0.2919010416666667,0.7080989583333334,28523
923,83070,0.3072786458333333,0.6927213541666667,28523
924,83160,0.3146354166666667,0.6853645833333334,28523
925,83250,0.3734375,0.6265625,28523
926,83340,0.0,1.0,28523
927,83430,0.0,1.0,28523
928,83520,0.1244140625,0.8755859375,28523
929,83610,0.172421875,0.827578125,28523
930,83700,0.1654557291666666,0.8345442708333334,28523
931,83790,0.273125,0.726875,28523
932,83880,0.4369921875,0.5630078125,28523
933,83970,0.0941927083333333,0.9058072916666666,28523
934,84060,0.0813932291666666,0.9186067708333332,28523
935,84150,0.0808984375,0.9191015625,28523
936,84240,0.0834765625,0.9165234375,28523
937,84330,0.0837630208333333,0.9162369791666668,28523
938,84420,0.4916015625,0.5083984375,28523
939,84510,0.4524479166666666,0.5475520833333334,28523
940,84600,0.097265625,0.902734375,28523
941,84690,0.0,1.0,28523
942,84780,0.0740625,0.9259375,28523
943,84870,0.2260286458333333,0.7739713541666666,28523
944,84960,0.2368098958333333,0.7631901041666667,28523
945,85050,0.2428385416666666,0.7571614583333334,28523
946,85140,0.2372395833333333,0.7627604166666667,28523
947,85230,0.2426171875,0.7573828125,28523
948,85320,0.52421875,0.47578125,28523
949,85410,0.5459765625,0.4540234375,28523
950,85500,0.428984375,0.571015625,28523
951,85590,0.0,1.0,28523
952,85680,0.012890625,0.987109375,28523
953,85770,0.295390625,0.704609375,28523
954,85860,0.1887760416666666,0.8112239583333334,28523
955,85950,0.0,1.0,28523
956,86040,0.0,1.0,28523
957,86130,0.0,1.0,28523
958,86220,0.0,1.0,28523
959,86310,0.2880729166666667,0.7119270833333333,28523
960,86400,0.1739322916666666,0.8260677083333333,28523
961,86490,0.4397135416666666,0.5602864583333333,28523
962,86580,0.4403515625,0.5596484375,28523
963,86670,0.4470182291666666,0.5529817708333333,28523
964,86760,0.5976171875,0.4023828125,28523
965,86850,0.0,1.0,28523
966,86940,0.0,1.0,28523
967,87030,0.0,1.0,28523
968,87120,0.361640625,0.638359375,28523
969,87210,0.5469791666666667,0.4530208333333333,28523
970,87300,0.5664583333333333,0.4335416666666666,28523
971,87390,0.5756380208333334,0.4243619791666667,28523
972,87480,0.2407161458333333,0.7592838541666667,28523
973,87570,0.0,1.0,28523
974,87660,0.0133072916666666,0.9866927083333332,28523
975,87750,0.053828125,0.946171875,28523
976,87840,0.0741666666666666,0.9258333333333332,28523
977,87930,0.1207291666666666,0.8792708333333333,28523
978,88020,0.1274088541666666,0.8725911458333333,28523
979,88110,0.2714973958333333,0.7285026041666667,28523
980,88200,0.4771484375,0.5228515625,28523
981,88290,0.4744791666666667,0.5255208333333333,28523
982,88380,0.6009244791666667,0.3990755208333333,28523
983,88470,0.3088151041666667,0.6911848958333333,28523
984,88560,0.270703125,0.729296875,28523
985,88650,0.0,1.0,28523
986,88740,0.3351041666666666,0.6648958333333334,28523
987,88830,0.33484375,0.66515625,28523
988,88920,0.37703125,0.62296875,28523
989,89010,0.2532942708333333,0.7467057291666667,28523
990,89100,0.1555598958333333,0.8444401041666667,28523
991,89190,0.3899739583333333,0.6100260416666666,28523
992,89280,0.0,1.0,28523
993,89370,0.1186328125,0.8813671875,28523
994,89460,0.6321354166666666,0.3678645833333333,28523
995,89550,0.0,1.0,28523
996,89640,0.0,1.0,28523
997,89730,0.4681770833333334,0.5318229166666667,28523
998,89820,0.0,1.0,28523
999,89910,0.0,1.0,28523
1000,90000,0.2613802083333333,0.7386197916666667,28523
1001,90090,0.28203125,0.71796875,28523
1002,90180,0.2680078125,0.7319921875,28523
1003,90270,0.3337630208333333,0.6662369791666667,28523
1004,90360,0.3246875,0.6753125,28523
1005,90450,0.0,1.0,28523
1006,90540,0.5242447916666667,0.4757552083333334,28523
1007,90630,0.3059505208333333,0.6940494791666667,28523
1008,90720,0.1998046875,0.8001953125,28523
1009,90810,0.3380598958333333,0.6619401041666667,28523
1010,90900,0.4819140625,0.5180859375,28523
1011,90990,0.2127994791666666,0.7872005208333334,28523
1012,91080,0.5269140625,0.4730859375,28523
1013,91170,0.2966927083333333,0.7033072916666666,28523
1014,91260,0.2268359375,0.7731640625,28523
1015,91350,0.0,1.0,28523
1016,91440,0.0,1.0,28523
1017,91530,0.179921875,0.820078125,28523
1018,91620,0.1825260416666666,0.8174739583333334,28523
1019,91710,0.1412239583333333,0.8587760416666667,28523
1020,91800,0.3487109375,0.6512890625,28523
1021,91890,0.0,1.0,28523
1022,91980,0.24671875,0.75328125,28523
1023,92070,0.1635286458333333,0.8364713541666666,28523
1024,92160,0.5996223958333333,0.4003776041666667,28523
1025,92250,0.3947265625,0.6052734375,28523
1026,92340,0.5571875,0.4428125,28523
1027,92430,0.0,1.0,28523
1028,92520,0.0,1.0,28523
1029,92610,0.0,1.0,28523
1030,92700,0.0,1.0,28523
1031,92790,0.0,1.0,28523
1032,92880,0.0,1.0,28523
1033,92970,0.0,1.0,28523
1034,93060,0.0,1.0,28523
1035,93150,0.0529296875,0.9470703125,28523
1036,93240,0.0,1.0,28523
1037,93330,0.2340755208333333,0.7659244791666666,28523
1038,93420,0.3015494791666667,0.6984505208333334,28523
1039,93510,0.2557291666666667,0.7442708333333333,28523
1040,93600,0.3436197916666667,0.6563802083333333,28523
1041,93690,0.284140625,0.715859375,28523
1042,93780,0.45078125,0.54921875,28523
1043,93870,0.46046875,0.53953125,28523
1044,93960,0.4270703125,0.5729296875,28523
1045,94050,0.0813541666666666,0.9186458333333334,28523
1046,94140,0.038046875,0.961953125,28523
1047,94230,0.04328125,0.95671875,28523
1048,94320,0.1166536458333333,0.8833463541666666,28523
1049,94410,0.0,1.0,28523
1050,94500,0.0,1.0,28523
1051,94590,0.0,1.0,28523
1052,94680,0.0,1.0,28523
1053,94770,0.0,1.0,28523
