,img_height,img_width,face_num,x1,x2,y1,y2,area,pct_of_frame,frame_num,imdb_id
0,360,466,0,301,358,148,205,3249,0.0194,2875,28776
1,360,466,0,113,181,97,165,4624,0.0276,4830,28776
2,360,466,1,284,341,73,130,3249,0.0194,4830,28776
3,360,466,0,113,181,97,165,4624,0.0276,4945,28776
4,360,466,1,265,333,62,131,4692,0.028,4945,28776
5,360,466,0,147,288,59,201,20022,0.1193,5060,28776
6,360,466,0,113,181,83,151,4624,0.0276,5175,28776
7,360,466,1,265,333,56,124,4624,0.0276,5175,28776
8,360,466,0,120,188,83,151,4624,0.0276,5290,28776
9,360,466,1,277,359,40,122,6724,0.0401,5290,28776
10,360,466,0,120,188,83,151,4624,0.0276,5405,28776
11,360,466,1,272,340,56,124,4624,0.0276,5405,28776
12,360,466,0,116,164,134,182,2304,0.0137,5635,28776
13,360,466,0,120,188,83,151,4624,0.0276,5750,28776
14,360,466,1,251,319,56,124,4624,0.0276,5750,28776
15,360,466,0,106,174,69,138,4692,0.028,5865,28776
16,360,466,1,286,354,42,110,4624,0.0276,5865,28776
17,360,466,0,304,402,86,184,9604,0.0572,5980,28776
18,360,466,1,65,163,145,244,9702,0.0578,5980,28776
19,360,466,0,304,402,76,174,9604,0.0572,6095,28776
20,360,466,1,61,143,156,238,6724,0.0401,6095,28776
21,360,466,0,152,270,106,224,13924,0.083,6210,28776
22,360,466,0,237,306,49,117,4692,0.028,6440,28776
23,360,466,0,255,312,62,119,3249,0.0194,6555,28776
24,360,466,0,188,236,81,129,2304,0.0137,6900,28776
25,360,466,0,217,264,125,172,2209,0.0132,8855,28776
26,360,466,0,123,179,50,107,3192,0.019,8970,28776
27,360,466,0,131,178,62,110,2256,0.0134,9085,28776
28,360,466,0,284,341,62,119,3249,0.0194,9200,28776
29,360,466,0,273,312,69,109,1560,0.0093,9775,28776
30,360,466,1,155,202,72,119,2209,0.0132,9775,28776
31,360,466,0,270,317,57,105,2256,0.0134,9890,28776
32,360,466,1,188,236,24,71,2256,0.0134,9890,28776
33,360,466,0,147,216,28,96,4692,0.028,10465,28776
34,360,466,1,244,312,83,151,4624,0.0276,10465,28776
35,360,466,0,147,288,74,215,19881,0.1185,10580,28776
36,360,466,0,154,223,35,103,4692,0.028,10695,28776
37,360,466,1,237,306,76,145,4761,0.0284,10695,28776
38,360,466,0,144,226,48,130,6724,0.0401,10810,28776
39,360,466,1,258,326,90,158,4624,0.0276,10810,28776
40,360,466,0,190,331,59,201,20022,0.1193,10925,28776
41,360,466,0,82,252,54,224,28900,0.1723,11040,28776
42,360,466,0,151,320,89,259,28730,0.1713,11155,28776
43,360,466,0,161,303,88,230,20164,0.1202,11270,28776
44,360,466,0,161,303,102,244,20164,0.1202,11385,28776
45,360,466,0,151,320,89,259,28730,0.1713,11500,28776
46,360,466,0,151,320,89,259,28730,0.1713,11615,28776
47,360,466,0,75,173,175,273,9604,0.0572,13340,28776
48,360,466,1,244,326,148,230,6724,0.0401,13340,28776
49,360,466,0,176,294,70,188,13924,0.083,13455,28776
50,360,466,0,106,174,187,255,4624,0.0276,13570,28776
51,360,466,1,234,333,125,224,9801,0.0584,13570,28776
52,360,466,0,275,322,91,138,2209,0.0132,13800,28776
53,360,466,0,113,181,90,158,4624,0.0276,14375,28776
54,360,466,0,111,168,68,125,3249,0.0194,15180,28776
55,360,466,1,272,329,56,113,3249,0.0194,15180,28776
56,360,466,0,106,174,56,124,4624,0.0276,15295,28776
57,360,466,1,278,335,50,107,3249,0.0194,15295,28776
58,360,466,0,117,174,62,119,3249,0.0194,15410,28776
59,360,466,1,272,340,49,117,4624,0.0276,15410,28776
60,360,466,0,278,335,50,107,3249,0.0194,15525,28776
61,360,466,1,134,191,62,119,3249,0.0194,15525,28776
62,360,466,0,284,341,50,107,3249,0.0194,15640,28776
63,360,466,1,128,185,62,119,3249,0.0194,15640,28776
64,360,466,0,135,183,53,100,2256,0.0134,15985,28776
65,360,466,0,233,272,85,125,1560,0.0093,16100,28776
66,360,466,0,203,250,33,81,2256,0.0134,16215,28776
67,360,466,0,189,257,62,131,4692,0.028,16330,28776
68,360,466,0,175,273,66,164,9604,0.0572,16445,28776
69,360,466,0,186,268,73,155,6724,0.0401,16560,28776
70,360,466,0,186,243,62,119,3249,0.0194,16675,28776
71,360,466,0,219,301,81,163,6724,0.0401,16790,28776
72,360,466,0,144,226,81,163,6724,0.0401,16905,28776
73,360,466,0,127,195,104,172,4624,0.0276,17020,28776
74,360,466,0,161,243,81,163,6724,0.0401,17135,28776
75,360,466,0,161,243,65,147,6724,0.0401,17250,28776
76,360,466,0,145,243,76,174,9604,0.0572,17365,28776
77,360,466,0,135,233,86,184,9604,0.0572,17480,28776
78,360,466,0,145,243,86,184,9604,0.0572,17595,28776
79,360,466,0,349,388,65,105,1560,0.0093,18170,28776
80,360,466,0,295,352,114,171,3249,0.0194,18285,28776
81,360,466,1,182,250,83,151,4624,0.0276,18285,28776
82,360,466,2,44,112,56,124,4624,0.0276,18285,28776
83,360,466,0,189,257,83,151,4624,0.0276,18400,28776
84,360,466,1,37,105,56,124,4624,0.0276,18400,28776
85,360,466,2,313,370,119,176,3249,0.0194,18400,28776
86,360,466,0,349,388,61,101,1560,0.0093,18515,28776
87,360,466,0,306,375,76,145,4761,0.0284,18630,28776
88,360,466,1,141,209,62,131,4692,0.028,18630,28776
89,360,466,0,300,368,76,145,4692,0.028,18745,28776
90,360,466,1,141,209,62,131,4692,0.028,18745,28776
91,360,466,0,300,368,76,145,4692,0.028,18860,28776
92,360,466,1,141,209,62,131,4692,0.028,18860,28776
93,360,466,0,300,368,56,124,4624,0.0276,18975,28776
94,360,466,1,141,209,35,103,4624,0.0276,18975,28776
95,360,466,0,225,264,69,109,1560,0.0093,19090,28776
96,360,466,0,393,432,53,93,1560,0.0093,19205,28776
97,360,466,1,21,60,33,73,1560,0.0093,19205,28776
98,360,466,2,121,160,69,109,1560,0.0093,19205,28776
99,360,466,0,371,418,48,95,2209,0.0132,19320,28776
100,360,466,1,245,284,57,97,1560,0.0093,19320,28776
101,360,466,2,105,144,69,109,1560,0.0093,19320,28776
102,360,466,0,349,388,53,93,1560,0.0093,19435,28776
103,360,466,1,5,44,33,73,1560,0.0093,19435,28776
104,360,466,0,284,341,96,153,3249,0.0194,19665,28776
105,360,466,1,121,168,62,110,2256,0.0134,19665,28776
106,360,466,0,284,341,96,153,3249,0.0194,19780,28776
107,360,466,1,100,156,50,107,3192,0.019,19780,28776
108,360,466,0,261,318,91,148,3249,0.0194,19895,28776
109,360,466,1,102,149,57,105,2256,0.0134,19895,28776
110,360,466,0,267,323,85,142,3192,0.019,20010,28776
111,360,466,1,94,151,50,107,3249,0.0194,20010,28776
112,360,466,0,255,312,85,142,3249,0.0194,20125,28776
113,360,466,1,82,139,50,107,3249,0.0194,20125,28776
114,360,466,0,249,306,91,148,3249,0.0194,20240,28776
115,360,466,1,76,133,50,107,3249,0.0194,20240,28776
116,360,466,0,155,253,86,184,9604,0.0572,20355,28776
117,360,466,0,165,263,105,204,9702,0.0578,20470,28776
118,360,466,0,140,258,94,212,13924,0.083,20585,28776
119,360,466,0,185,283,105,204,9702,0.0578,20700,28776
120,360,466,0,203,260,206,263,3249,0.0194,21390,28776
121,360,466,0,232,289,200,257,3249,0.0194,21505,28776
122,360,466,0,238,295,189,245,3192,0.019,21620,28776
123,360,466,0,226,283,194,251,3249,0.0194,21735,28776
124,360,466,0,159,207,177,225,2304,0.0137,21850,28776
125,360,466,0,174,221,182,230,2256,0.0134,21965,28776
126,360,466,0,205,303,96,194,9604,0.0572,22080,28776
127,360,466,0,308,356,72,119,2256,0.0134,22195,28776
128,360,466,1,179,226,182,230,2256,0.0134,22195,28776
129,360,466,2,59,106,53,100,2209,0.0132,22195,28776
130,360,466,0,185,283,86,184,9604,0.0572,22310,28776
131,360,466,0,25,72,48,95,2209,0.0132,22425,28776
132,360,466,1,318,365,67,114,2209,0.0132,22425,28776
133,360,466,2,111,159,149,196,2256,0.0134,22425,28776
134,360,466,0,203,260,73,130,3249,0.0194,22540,28776
135,360,466,1,347,394,77,124,2209,0.0132,22540,28776
136,360,466,2,35,82,48,95,2209,0.0132,22540,28776
137,360,466,0,337,376,29,69,1560,0.0093,22885,28776
138,360,466,0,353,392,45,85,1560,0.0093,23345,28776
139,360,466,1,227,274,62,110,2256,0.0134,23345,28776
140,360,466,0,169,226,56,113,3249,0.0194,23460,28776
141,360,466,1,255,312,33,90,3249,0.0194,23460,28776
142,360,466,0,255,303,43,90,2256,0.0134,23575,28776
143,360,466,0,238,295,39,96,3249,0.0194,23690,28776
144,360,466,1,163,220,56,113,3249,0.0194,23690,28776
145,360,466,0,163,220,56,113,3249,0.0194,23805,28776
146,360,466,1,238,295,33,90,3249,0.0194,23805,28776
147,360,466,0,169,226,62,119,3249,0.0194,23920,28776
148,360,466,1,255,312,39,96,3249,0.0194,23920,28776
149,360,466,0,169,216,62,110,2256,0.0134,24035,28776
150,360,466,1,290,346,16,73,3192,0.019,24035,28776
151,360,466,0,341,398,33,90,3249,0.0194,24150,28776
152,360,466,1,68,116,24,71,2256,0.0134,24150,28776
153,360,466,2,215,272,79,136,3249,0.0194,24150,28776
154,360,466,0,161,243,57,138,6642,0.0396,24495,28776
155,360,466,0,177,259,65,147,6724,0.0401,24610,28776
156,360,466,0,117,174,96,153,3249,0.0194,24725,28776
157,360,466,1,232,289,50,107,3249,0.0194,24725,28776
158,360,466,0,105,162,91,148,3249,0.0194,24840,28776
159,360,466,1,300,368,28,96,4624,0.0276,24840,28776
160,360,466,0,105,162,96,153,3249,0.0194,25070,28776
161,360,466,1,267,323,50,107,3192,0.019,25070,28776
162,360,466,0,182,250,62,131,4692,0.028,25185,28776
163,360,466,0,362,430,76,145,4692,0.028,25300,28776
164,360,466,0,188,306,94,212,13924,0.083,25415,28776
165,360,466,0,119,201,140,221,6642,0.0396,25530,28776
166,360,466,0,189,257,83,151,4624,0.0276,25645,28776
167,360,466,0,210,278,90,158,4624,0.0276,25760,28776
168,360,466,0,177,259,131,213,6724,0.0401,25875,28776
169,360,466,0,341,398,33,90,3249,0.0194,25990,28776
170,360,466,1,117,174,102,159,3249,0.0194,25990,28776
171,360,466,0,244,326,131,213,6724,0.0401,26105,28776
172,360,466,0,273,312,65,105,1560,0.0093,26335,28776
173,360,466,1,157,196,37,77,1560,0.0093,26335,28776
174,360,466,0,284,332,67,114,2256,0.0134,26450,28776
175,360,466,1,159,207,72,119,2256,0.0134,26450,28776
176,360,466,0,217,256,73,113,1560,0.0093,26565,28776
177,360,466,0,180,237,62,119,3249,0.0194,26680,28776
178,360,466,0,294,341,67,114,2209,0.0132,26795,28776
179,360,466,1,131,178,105,153,2256,0.0134,26795,28776
180,360,466,0,219,301,65,147,6724,0.0401,26910,28776
181,360,466,0,165,204,61,101,1560,0.0093,27025,28776
182,360,466,1,284,332,62,110,2304,0.0137,27025,28776
183,360,466,0,185,224,85,125,1560,0.0093,27140,28776
184,360,466,1,289,336,81,129,2256,0.0134,27140,28776
185,360,466,0,273,312,65,105,1560,0.0093,27255,28776
186,360,466,1,183,231,72,119,2256,0.0134,27255,28776
187,360,466,0,257,296,65,105,1560,0.0093,27370,28776
188,360,466,1,161,200,61,101,1560,0.0093,27370,28776
189,360,466,0,129,168,49,89,1560,0.0093,27485,28776
190,360,466,1,265,304,73,113,1560,0.0093,27485,28776
191,360,466,0,269,308,65,105,1560,0.0093,27600,28776
192,360,466,1,145,184,53,93,1560,0.0093,27600,28776
193,360,466,0,141,180,61,101,1560,0.0093,27715,28776
194,360,466,1,273,312,69,109,1560,0.0093,27715,28776
195,360,466,0,261,300,73,113,1560,0.0093,27830,28776
196,360,466,1,141,180,69,109,1560,0.0093,27830,28776
197,360,466,0,132,274,88,230,20164,0.1202,28520,28776
198,360,466,0,89,231,145,287,20164,0.1202,28980,28776
199,360,466,0,197,254,56,113,3249,0.0194,29095,28776
200,360,466,0,305,344,73,113,1560,0.0093,29210,28776
201,360,466,0,317,356,65,105,1560,0.0093,29440,28776
202,360,466,0,313,352,65,105,1560,0.0093,29555,28776
203,360,466,0,225,264,53,93,1560,0.0093,29670,28776
204,360,466,1,270,317,57,105,2256,0.0134,29670,28776
205,360,466,0,209,248,53,93,1560,0.0093,29785,28776
206,360,466,1,129,168,53,93,1560,0.0093,29785,28776
207,360,466,2,329,368,65,105,1560,0.0093,29785,28776
208,360,466,0,213,252,57,97,1560,0.0093,29900,28776
209,360,466,1,297,336,69,109,1560,0.0093,29900,28776
210,360,466,0,213,252,121,161,1560,0.0093,30130,28776
211,360,466,0,45,84,197,237,1560,0.0093,31510,28776
212,360,466,0,265,312,201,249,2256,0.0134,31625,28776
213,360,466,0,393,432,81,121,1560,0.0093,31740,28776
214,360,466,0,9,77,49,117,4624,0.0276,31970,28776
215,360,466,1,279,347,62,131,4692,0.028,31970,28776
216,360,466,0,118,260,74,215,20022,0.1193,32085,28776
217,360,466,0,169,251,81,163,6724,0.0401,32200,28776
218,360,466,0,78,147,62,131,4761,0.0284,32315,28776
219,360,466,1,286,354,83,151,4624,0.0276,32315,28776
220,360,466,0,195,293,56,154,9604,0.0572,32430,28776
221,360,466,0,303,351,101,148,2256,0.0134,32545,28776
222,360,466,1,102,149,81,129,2256,0.0134,32545,28776
223,360,466,0,305,344,105,145,1560,0.0093,32660,28776
224,360,466,1,102,149,77,124,2209,0.0132,32660,28776
225,360,466,0,303,351,96,143,2256,0.0134,32775,28776
226,360,466,1,102,149,77,124,2209,0.0132,32775,28776
227,360,466,0,289,328,125,165,1560,0.0093,33005,28776
228,360,466,1,369,408,121,161,1560,0.0093,33005,28776
229,360,466,0,194,276,81,163,6724,0.0401,33120,28776
230,360,466,0,177,259,73,155,6724,0.0401,33235,28776
231,360,466,0,157,196,121,161,1560,0.0093,33925,28776
232,360,466,1,89,128,105,145,1560,0.0093,33925,28776
233,360,466,2,347,394,120,167,2209,0.0132,33925,28776
234,360,466,3,9,48,105,145,1560,0.0093,33925,28776
235,360,466,0,161,200,125,165,1560,0.0093,34040,28776
236,360,466,1,89,128,109,149,1560,0.0093,34040,28776
237,360,466,2,349,388,121,161,1560,0.0093,34040,28776
238,360,466,3,13,52,93,133,1560,0.0093,34040,28776
239,360,466,0,169,208,121,161,1560,0.0093,34155,28776
240,360,466,1,351,399,120,167,2256,0.0134,34155,28776
241,360,466,2,85,124,117,157,1560,0.0093,34155,28776
242,360,466,3,21,60,89,129,1560,0.0093,34155,28776
243,360,466,0,219,301,98,180,6724,0.0401,34270,28776
244,360,466,1,25,82,102,159,3249,0.0194,34270,28776
245,360,466,2,313,352,113,153,1560,0.0093,34270,28776
246,360,466,3,97,136,105,145,1560,0.0093,34270,28776
247,360,466,0,230,299,104,172,4692,0.028,34385,28776
248,360,466,1,25,72,105,153,2256,0.0134,34385,28776
249,360,466,2,317,356,113,153,1560,0.0093,34385,28776
250,360,466,3,105,144,113,153,1560,0.0093,34385,28776
251,360,466,0,144,226,90,172,6724,0.0401,34500,28776
252,360,466,0,85,124,165,205,1560,0.0093,34615,28776
253,360,466,1,356,404,168,215,2256,0.0134,34615,28776
254,360,466,0,19,76,102,159,3249,0.0194,34730,28776
255,360,466,1,227,309,90,172,6724,0.0401,34730,28776
256,360,466,2,313,352,113,153,1560,0.0093,34730,28776
257,360,466,3,97,136,105,145,1560,0.0093,34730,28776
258,360,466,0,93,132,205,245,1560,0.0093,34845,28776
259,360,466,1,361,408,206,254,2256,0.0134,34845,28776
260,360,466,0,69,108,57,97,1560,0.0093,35190,28776
261,360,466,0,285,324,73,113,1560,0.0093,35305,28776
262,360,466,0,141,180,109,149,1560,0.0093,35535,28776
263,360,466,1,33,72,61,101,1560,0.0093,35535,28776
264,360,466,0,299,346,105,153,2256,0.0134,35650,28776
265,360,466,1,123,179,50,107,3192,0.019,35650,28776
266,360,466,0,278,335,114,171,3249,0.0194,35765,28776
267,360,466,1,157,214,56,113,3249,0.0194,35765,28776
268,360,466,0,307,364,114,171,3249,0.0194,35880,28776
269,360,466,1,123,179,50,107,3192,0.019,35880,28776
270,360,466,0,267,323,114,171,3192,0.019,35995,28776
271,360,466,1,113,181,49,117,4624,0.0276,35995,28776
272,360,466,0,100,156,56,113,3192,0.019,36110,28776
273,360,466,1,238,295,119,176,3249,0.0194,36110,28776
274,360,466,0,252,334,156,238,6724,0.0401,36225,28776
275,360,466,1,75,173,56,154,9604,0.0572,36225,28776
276,360,466,0,264,363,145,244,9801,0.0584,36340,28776
277,360,466,1,25,124,66,164,9702,0.0578,36340,28776
278,360,466,0,274,372,145,244,9702,0.0578,36455,28776
279,360,466,1,115,213,66,164,9604,0.0572,36455,28776
280,360,466,0,97,144,216,263,2209,0.0132,36570,28776
281,360,466,1,289,328,89,129,1560,0.0093,36570,28776
282,360,466,2,189,228,117,157,1560,0.0093,36570,28776
283,360,466,3,73,112,93,133,1560,0.0093,36570,28776
284,360,466,4,371,418,38,86,2256,0.0134,36570,28776
285,360,466,5,0,44,77,124,2068,0.0123,36570,28776
286,360,466,0,101,140,221,261,1560,0.0093,36685,28776
287,360,466,1,289,328,89,129,1560,0.0093,36685,28776
288,360,466,2,185,224,117,157,1560,0.0093,36685,28776
289,360,466,3,73,112,97,137,1560,0.0093,36685,28776
290,360,466,4,1,48,81,129,2256,0.0134,36685,28776
291,360,466,0,318,375,85,142,3249,0.0194,37260,28776
292,360,466,0,232,289,125,182,3249,0.0194,37490,28776
293,360,466,0,241,288,144,191,2209,0.0132,37605,28776
294,360,466,0,161,200,217,257,1560,0.0093,37950,28776
295,360,466,1,337,376,81,121,1560,0.0093,37950,28776
296,360,466,2,273,312,77,117,1560,0.0093,37950,28776
297,360,466,3,177,216,129,169,1560,0.0093,37950,28776
298,360,466,4,101,140,105,145,1560,0.0093,37950,28776
299,360,466,0,261,300,81,121,1560,0.0093,38065,28776
300,360,466,1,181,220,117,157,1560,0.0093,38065,28776
301,360,466,2,327,375,81,129,2304,0.0137,38065,28776
302,360,466,0,337,376,81,121,1560,0.0093,38180,28776
303,360,466,1,269,308,77,117,1560,0.0093,38180,28776
304,360,466,2,177,216,121,161,1560,0.0093,38180,28776
305,360,466,3,145,184,213,253,1560,0.0093,38180,28776
306,360,466,4,1,48,38,86,2256,0.0134,38180,28776
307,360,466,5,366,413,48,95,2209,0.0132,38180,28776
308,360,466,6,49,96,86,134,2256,0.0134,38180,28776
309,360,466,0,337,384,77,124,2209,0.0132,38295,28776
310,360,466,1,149,188,213,253,1560,0.0093,38295,28776
311,360,466,2,185,224,121,161,1560,0.0093,38295,28776
312,360,466,3,273,312,85,125,1560,0.0093,38295,28776
313,360,466,4,59,106,86,134,2256,0.0134,38295,28776
314,360,466,5,6,53,38,86,2256,0.0134,38295,28776
315,360,466,0,149,188,213,253,1560,0.0093,38410,28776
316,360,466,1,342,389,72,119,2209,0.0132,38410,28776
317,360,466,2,65,104,89,129,1560,0.0093,38410,28776
318,360,466,3,289,328,81,121,1560,0.0093,38410,28776
319,360,466,4,181,220,117,157,1560,0.0093,38410,28776
320,360,466,5,11,58,43,90,2209,0.0132,38410,28776
321,360,466,0,161,200,229,269,1560,0.0093,38525,28776
322,360,466,1,185,224,133,173,1560,0.0093,38525,28776
323,360,466,2,25,72,53,100,2209,0.0132,38525,28776
324,360,466,3,77,116,97,137,1560,0.0093,38525,28776
325,360,466,0,265,304,81,121,1560,0.0093,38640,28776
326,360,466,1,189,228,237,277,1560,0.0093,38640,28776
327,360,466,2,102,149,101,148,2209,0.0132,38640,28776
328,360,466,3,20,68,62,110,2304,0.0137,38640,28776
329,360,466,4,341,380,105,145,1560,0.0093,38640,28776
330,360,466,0,265,304,81,121,1560,0.0093,38755,28776
331,360,466,1,97,144,96,143,2209,0.0132,38755,28776
332,360,466,2,337,376,97,137,1560,0.0093,38755,28776
333,360,466,3,173,212,241,281,1560,0.0093,38755,28776
334,360,466,4,141,180,129,169,1560,0.0093,38755,28776
335,360,466,5,25,72,62,110,2256,0.0134,38755,28776
336,360,466,0,87,135,96,143,2256,0.0134,38870,28776
337,360,466,1,265,304,85,125,1560,0.0093,38870,28776
338,360,466,2,173,212,241,281,1560,0.0093,38870,28776
339,360,466,3,137,176,117,157,1560,0.0093,38870,28776
340,360,466,4,37,76,69,109,1560,0.0093,38870,28776
341,360,466,5,345,384,105,145,1560,0.0093,38870,28776
342,360,466,0,92,140,91,138,2256,0.0134,38985,28776
343,360,466,1,181,220,241,281,1560,0.0093,38985,28776
344,360,466,2,30,77,67,114,2209,0.0132,38985,28776
345,360,466,3,157,196,125,165,1560,0.0093,38985,28776
346,360,466,4,253,292,97,137,1560,0.0093,38985,28776
347,360,466,0,277,316,85,125,1560,0.0093,39100,28776
348,360,466,1,30,77,67,114,2209,0.0132,39100,28776
349,360,466,2,89,128,93,133,1560,0.0093,39100,28776
350,360,466,3,145,184,133,173,1560,0.0093,39100,28776
351,360,466,4,177,216,241,281,1560,0.0093,39100,28776
352,360,466,0,281,320,89,129,1560,0.0093,39215,28776
353,360,466,1,78,125,91,138,2209,0.0132,39215,28776
354,360,466,2,185,224,137,177,1560,0.0093,39215,28776
355,360,466,3,161,200,213,253,1560,0.0093,39215,28776
356,360,466,4,35,82,62,110,2256,0.0134,39215,28776
357,360,466,5,113,152,113,153,1560,0.0093,39215,28776
358,360,466,0,281,320,81,121,1560,0.0093,39330,28776
359,360,466,1,81,120,97,137,1560,0.0093,39330,28776
360,360,466,2,117,156,113,153,1560,0.0093,39330,28776
361,360,466,3,185,224,117,157,1560,0.0093,39330,28776
362,360,466,4,161,200,209,249,1560,0.0093,39330,28776
363,360,466,5,345,384,85,125,1560,0.0093,39330,28776
364,360,466,6,35,82,62,110,2256,0.0134,39330,28776
365,360,466,0,20,68,43,90,2256,0.0134,39445,28776
366,360,466,1,177,216,121,161,1560,0.0093,39445,28776
367,360,466,2,269,308,81,121,1560,0.0093,39445,28776
368,360,466,3,342,389,81,129,2256,0.0134,39445,28776
369,360,466,4,161,200,213,253,1560,0.0093,39445,28776
370,360,466,5,81,120,89,129,1560,0.0093,39445,28776
371,360,466,6,109,148,105,145,1560,0.0093,39445,28776
372,360,466,0,337,384,81,129,2256,0.0134,39560,28776
373,360,466,1,181,220,121,161,1560,0.0093,39560,28776
374,360,466,2,265,304,81,121,1560,0.0093,39560,28776
375,360,466,3,149,188,213,253,1560,0.0093,39560,28776
376,360,466,4,113,152,105,145,1560,0.0093,39560,28776
377,360,466,5,63,111,77,124,2256,0.0134,39560,28776
378,360,466,6,399,456,45,101,3192,0.019,39560,28776
379,360,466,0,273,312,85,125,1560,0.0093,39675,28776
380,360,466,1,165,204,233,273,1560,0.0093,39675,28776
381,360,466,2,181,220,125,165,1560,0.0093,39675,28776
382,360,466,3,342,389,86,134,2256,0.0134,39675,28776
383,360,466,4,73,112,89,129,1560,0.0093,39675,28776
384,360,466,5,395,442,57,105,2256,0.0134,39675,28776
385,360,466,0,337,384,81,129,2256,0.0134,39790,28776
386,360,466,1,277,316,81,121,1560,0.0093,39790,28776
387,360,466,2,181,220,121,161,1560,0.0093,39790,28776
388,360,466,3,153,192,209,249,1560,0.0093,39790,28776
389,360,466,4,78,125,81,129,2256,0.0134,39790,28776
390,360,466,0,229,268,61,101,1560,0.0093,40365,28776
391,360,466,0,229,268,21,61,1560,0.0093,40480,28776
392,360,466,0,233,272,17,57,1560,0.0093,40595,28776
393,360,466,0,59,106,72,119,2209,0.0132,41975,28776
394,360,466,1,336,393,39,96,3249,0.0194,41975,28776
395,360,466,0,63,111,67,114,2256,0.0134,42090,28776
396,360,466,1,336,393,39,96,3249,0.0194,42090,28776
397,360,466,0,87,135,67,114,2256,0.0134,42205,28776
398,360,466,1,330,387,39,96,3249,0.0194,42205,28776
399,360,466,0,97,144,72,119,2209,0.0132,42320,28776
400,360,466,1,336,393,39,96,3249,0.0194,42320,28776
401,360,466,0,131,178,77,124,2209,0.0132,42435,28776
402,360,466,1,337,384,48,95,2209,0.0132,42435,28776
403,360,466,0,203,260,33,90,3249,0.0194,42550,28776
404,360,466,0,123,179,79,136,3192,0.019,43585,28776
405,360,466,0,181,220,69,109,1560,0.0093,44620,28776
406,360,466,1,308,356,48,95,2256,0.0134,44620,28776
407,360,466,0,209,248,77,117,1560,0.0093,44735,28776
408,360,466,0,203,250,67,114,2209,0.0132,44850,28776
409,360,466,1,318,365,38,86,2256,0.0134,44850,28776
410,360,466,0,209,248,73,113,1560,0.0093,44965,28776
411,360,466,1,303,351,43,90,2256,0.0134,44965,28776
412,360,466,0,185,224,73,113,1560,0.0093,45080,28776
413,360,466,0,203,250,57,105,2256,0.0134,45195,28776
414,360,466,1,69,108,69,109,1560,0.0093,45195,28776
415,360,466,0,194,276,106,188,6724,0.0401,45425,28776
416,360,466,0,327,375,38,86,2304,0.0137,45655,28776
417,360,466,0,194,276,81,163,6724,0.0401,45770,28776
418,360,466,0,177,259,73,155,6724,0.0401,45885,28776
419,360,466,0,164,212,57,105,2304,0.0137,46000,28776
420,360,466,1,324,381,27,84,3249,0.0194,46000,28776
421,360,466,0,186,268,81,163,6724,0.0401,46115,28776
422,360,466,0,202,284,73,155,6724,0.0401,46230,28776
423,360,466,0,294,341,139,186,2209,0.0132,46805,28776
424,360,466,1,99,167,35,103,4624,0.0276,46805,28776
425,360,466,0,307,364,125,182,3249,0.0194,46920,28776
426,360,466,1,113,181,42,110,4624,0.0276,46920,28776
427,360,466,0,113,181,35,103,4624,0.0276,47725,28776
428,360,466,1,330,387,119,176,3249,0.0194,47725,28776
429,360,466,0,307,364,108,165,3249,0.0194,47955,28776
430,360,466,1,111,168,33,90,3249,0.0194,47955,28776
431,360,466,0,197,254,91,148,3249,0.0194,48760,28776
432,360,466,0,176,294,70,188,13924,0.083,49105,28776
433,360,466,0,164,282,58,176,13924,0.083,49680,28776
434,360,466,0,185,283,86,184,9604,0.0572,52670,28776
435,360,466,0,279,327,197,244,2256,0.0134,52785,28776
436,360,466,1,303,351,5,52,2256,0.0134,52785,28776
437,360,466,0,279,327,182,230,2304,0.0137,52900,28776
438,360,466,1,309,348,9,49,1560,0.0093,52900,28776
439,360,466,0,212,260,177,225,2304,0.0137,53015,28776
440,360,466,1,317,356,73,113,1560,0.0093,53015,28776
441,360,466,0,313,352,77,117,1560,0.0093,53130,28776
442,360,466,1,61,100,45,85,1560,0.0093,53130,28776
443,360,466,0,68,116,38,86,2304,0.0137,53245,28776
444,360,466,1,212,260,192,239,2256,0.0134,53245,28776
445,360,466,2,317,356,77,117,1560,0.0093,53245,28776
446,360,466,0,196,264,97,165,4624,0.0276,53360,28776
447,360,466,0,65,104,45,85,1560,0.0093,53475,28776
448,360,466,1,217,264,182,230,2256,0.0134,53475,28776
449,360,466,2,317,356,77,117,1560,0.0093,53475,28776
450,360,466,0,321,360,77,117,1560,0.0093,53590,28776
451,360,466,0,313,352,53,93,1560,0.0093,53705,28776
452,360,466,0,207,255,187,234,2256,0.0134,53820,28776
453,360,466,1,329,368,65,105,1560,0.0093,53820,28776
454,360,466,0,313,360,43,90,2209,0.0132,53935,28776
455,360,466,1,179,226,187,234,2209,0.0132,53935,28776
456,360,466,2,61,100,45,85,1560,0.0093,53935,28776
457,360,466,0,211,292,90,172,6642,0.0396,54050,28776
458,360,466,0,251,319,90,158,4624,0.0276,54395,28776
459,360,466,0,97,144,139,186,2209,0.0132,54625,28776
460,360,466,0,251,298,57,105,2256,0.0134,54740,28776
461,360,466,1,155,202,110,158,2256,0.0134,54740,28776
462,360,466,0,260,308,57,105,2304,0.0137,54855,28776
463,360,466,0,254,353,56,154,9702,0.0578,54970,28776
464,360,466,1,95,193,145,244,9702,0.0578,54970,28776
465,360,466,0,235,353,82,200,13924,0.083,55085,28776
466,360,466,1,70,151,148,230,6642,0.0396,55085,28776
467,360,466,0,254,353,96,194,9702,0.0578,55200,28776
468,360,466,1,86,168,156,238,6724,0.0401,55200,28776
469,360,466,0,244,343,96,194,9702,0.0578,55315,28776
470,360,466,1,103,185,140,221,6642,0.0396,55315,28776
471,360,466,0,244,343,86,184,9702,0.0578,55430,28776
472,360,466,1,111,193,148,230,6724,0.0401,55430,28776
473,360,466,0,224,323,96,194,9702,0.0578,55545,28776
474,360,466,1,111,193,148,230,6724,0.0401,55545,28776
475,360,466,0,270,317,57,105,2256,0.0134,55660,28776
476,360,466,0,265,312,48,95,2209,0.0132,55775,28776
477,360,466,0,270,317,53,100,2209,0.0132,55890,28776
478,360,466,0,265,312,53,100,2209,0.0132,56005,28776
479,360,466,0,265,312,53,100,2209,0.0132,56120,28776
480,360,466,0,241,288,43,90,2209,0.0132,56235,28776
481,360,466,0,78,160,131,213,6724,0.0401,56580,28776
482,360,466,1,264,363,56,154,9702,0.0578,56580,28776
483,360,466,0,264,363,86,184,9702,0.0578,56695,28776
484,360,466,1,105,203,125,224,9702,0.0578,56695,28776
485,360,466,0,13,52,89,129,1560,0.0093,56925,28776
486,360,466,0,161,243,98,180,6724,0.0401,57615,28776
487,360,466,0,177,259,98,180,6724,0.0401,57730,28776
488,360,466,0,261,300,145,185,1560,0.0093,58075,28776
489,360,466,0,225,264,149,189,1560,0.0093,58190,28776
490,360,466,0,175,273,66,164,9604,0.0572,58420,28776
491,360,466,0,155,253,66,164,9604,0.0572,58535,28776
492,360,466,0,284,332,96,143,2256,0.0134,59225,28776
493,360,466,0,270,317,91,138,2209,0.0132,59340,28776
494,360,466,1,140,197,79,136,3249,0.0194,59340,28776
495,360,466,0,272,329,85,142,3249,0.0194,59455,28776
496,360,466,1,151,208,62,119,3249,0.0194,59455,28776
497,360,466,0,279,327,91,138,2256,0.0134,59570,28776
498,360,466,1,151,208,68,125,3249,0.0194,59570,28776
499,360,466,0,141,209,76,145,4692,0.028,59685,28776
500,360,466,1,293,361,76,145,4692,0.028,59685,28776
501,360,466,0,154,223,62,131,4761,0.0284,59800,28776
502,360,466,1,286,354,76,145,4692,0.028,59800,28776
503,360,466,0,279,347,76,145,4692,0.028,59915,28776
504,360,466,1,141,209,69,138,4692,0.028,59915,28776
505,360,466,0,279,347,76,145,4692,0.028,60030,28776
506,360,466,1,103,185,73,155,6724,0.0401,60030,28776
507,360,466,0,212,260,72,119,2256,0.0134,60260,28776
508,360,466,0,145,192,67,114,2209,0.0132,61640,28776
509,360,466,1,20,68,86,134,2304,0.0137,61640,28776
510,360,466,2,249,288,109,149,1560,0.0093,61640,28776
511,360,466,3,380,428,67,114,2256,0.0134,61640,28776
512,360,466,4,299,346,81,129,2256,0.0134,61640,28776
513,360,466,0,20,68,86,134,2304,0.0137,61755,28776
514,360,466,1,299,346,72,119,2209,0.0132,61755,28776
515,360,466,2,150,197,62,110,2256,0.0134,61755,28776
516,360,466,3,241,288,101,148,2209,0.0132,61755,28776
517,360,466,4,390,437,67,114,2209,0.0132,61755,28776
518,360,466,0,294,341,72,119,2209,0.0132,61870,28776
519,360,466,1,15,63,86,134,2304,0.0137,61870,28776
520,360,466,2,150,197,62,110,2256,0.0134,61870,28776
521,360,466,3,241,288,101,148,2209,0.0132,61870,28776
522,360,466,4,390,437,67,114,2209,0.0132,61870,28776
523,360,466,0,299,346,72,119,2209,0.0132,61985,28776
524,360,466,1,11,58,86,134,2256,0.0134,61985,28776
525,360,466,2,245,284,105,145,1560,0.0093,61985,28776
526,360,466,3,395,442,67,114,2209,0.0132,61985,28776
527,360,466,4,141,180,69,109,1560,0.0093,61985,28776
528,360,466,0,299,346,72,119,2209,0.0132,62100,28776
529,360,466,1,155,202,77,124,2209,0.0132,62100,28776
530,360,466,2,241,280,105,145,1560,0.0093,62100,28776
531,360,466,3,2,58,85,142,3192,0.019,62100,28776
532,360,466,4,395,442,72,119,2209,0.0132,62100,28776
533,360,466,0,15,63,91,138,2256,0.0134,62215,28776
534,360,466,1,404,452,62,110,2304,0.0137,62215,28776
535,360,466,2,313,352,77,117,1560,0.0093,62215,28776
536,360,466,3,189,228,117,157,1560,0.0093,62215,28776
537,360,466,0,217,256,105,145,1560,0.0093,62330,28776
538,360,466,1,380,428,67,114,2256,0.0134,62330,28776
539,360,466,2,275,322,72,119,2209,0.0132,62330,28776
540,360,466,0,308,356,72,119,2256,0.0134,62445,28776
541,360,466,1,116,164,62,110,2304,0.0137,62445,28776
542,360,466,0,145,192,62,110,2256,0.0134,62560,28776
543,360,466,0,121,160,57,97,1560,0.0093,62675,28776
544,360,466,0,125,164,57,97,1560,0.0093,62790,28776
545,360,466,0,145,192,53,100,2209,0.0132,62905,28776
546,360,466,0,149,188,61,101,1560,0.0093,63020,28776
547,360,466,0,145,184,65,105,1560,0.0093,63135,28776
548,360,466,0,257,296,101,141,1560,0.0093,63250,28776
549,360,466,1,149,188,61,101,1560,0.0093,63250,28776
550,360,466,0,145,184,61,101,1560,0.0093,63365,28776
551,360,466,1,257,296,101,141,1560,0.0093,63365,28776
552,360,466,0,295,352,143,199,3192,0.019,63595,28776
553,360,466,1,54,101,153,201,2256,0.0134,63595,28776
554,360,466,0,54,101,139,186,2209,0.0132,63710,28776
555,360,466,1,313,370,143,199,3192,0.019,63710,28776
556,360,466,0,207,255,101,148,2256,0.0134,63825,28776
557,360,466,0,203,250,101,148,2209,0.0132,63940,28776
558,360,466,0,189,228,85,125,1560,0.0093,64055,28776
559,360,466,0,197,254,50,107,3249,0.0194,64170,28776
560,360,466,0,44,92,149,196,2256,0.0134,64285,28776
561,360,466,1,284,341,148,205,3249,0.0194,64285,28776
562,360,466,0,278,335,143,199,3192,0.019,64400,28776
563,360,466,1,63,111,144,191,2256,0.0134,64400,28776
564,360,466,0,284,341,143,199,3192,0.019,64515,28776
565,360,466,1,49,96,144,191,2209,0.0132,64515,28776
566,360,466,0,290,346,143,199,3136,0.0187,64630,28776
567,360,466,1,63,111,153,201,2304,0.0137,64630,28776
568,360,466,0,318,365,134,182,2256,0.0134,64745,28776
569,360,466,1,54,101,144,191,2209,0.0132,64745,28776
570,360,466,0,173,212,121,161,1560,0.0093,64860,28776
571,360,466,0,218,360,74,215,20022,0.1193,65895,28776
572,360,466,0,341,398,45,101,3192,0.019,66010,28776
573,360,466,1,59,116,33,90,3249,0.0194,66010,28776
574,360,466,0,202,284,65,147,6724,0.0401,66125,28776
575,360,466,0,186,268,73,155,6724,0.0401,66240,28776
576,360,466,0,295,352,39,96,3249,0.0194,66355,28776
577,360,466,1,59,116,33,90,3249,0.0194,66355,28776
578,360,466,0,284,341,50,107,3249,0.0194,66470,28776
579,360,466,1,51,119,28,96,4624,0.0276,66470,28776
580,360,466,0,253,292,21,61,1560,0.0093,66700,28776
581,360,466,0,265,312,72,119,2209,0.0132,66815,28776
582,360,466,0,230,299,118,186,4692,0.028,67850,28776
583,360,466,1,134,202,35,103,4624,0.0276,67850,28776
584,360,466,0,164,282,70,188,13924,0.083,68080,28776
585,360,466,0,279,347,35,103,4624,0.0276,68310,28776
586,360,466,0,210,278,132,200,4624,0.0276,68425,28776
587,360,466,1,127,195,35,103,4624,0.0276,68425,28776
588,360,466,0,251,319,7,75,4624,0.0276,68770,28776
589,360,466,0,217,285,132,200,4624,0.0276,68885,28776
590,360,466,1,127,195,35,103,4624,0.0276,68885,28776
591,360,466,0,238,295,108,165,3249,0.0194,69000,28776
592,360,466,0,203,260,50,107,3249,0.0194,70495,28776
593,360,466,1,20,68,110,158,2304,0.0137,70495,28776
594,360,466,0,213,252,101,141,1560,0.0093,71070,28776
595,360,466,1,87,135,57,105,2304,0.0137,71070,28776
596,360,466,0,89,128,61,101,1560,0.0093,71185,28776
597,360,466,0,85,124,53,93,1560,0.0093,71300,28776
598,360,466,0,202,284,65,147,6724,0.0401,71415,28776
599,360,466,0,195,293,56,154,9604,0.0572,71530,28776
600,360,466,0,349,388,73,113,1560,0.0093,71645,28776
601,360,466,1,61,100,57,97,1560,0.0093,71645,28776
602,360,466,0,349,388,73,113,1560,0.0093,71760,28776
603,360,466,1,198,245,77,124,2209,0.0132,71760,28776
604,360,466,2,73,112,57,97,1560,0.0093,71760,28776
605,360,466,0,195,293,86,184,9604,0.0572,71875,28776
606,360,466,0,202,284,73,155,6724,0.0401,71990,28776
607,360,466,0,237,306,97,165,4692,0.028,72105,28776
608,360,466,0,225,264,93,133,1560,0.0093,72220,28776
609,360,466,1,345,384,69,109,1560,0.0093,72220,28776
610,360,466,2,93,132,61,101,1560,0.0093,72220,28776
611,360,466,0,97,136,61,101,1560,0.0093,72335,28776
612,360,466,1,193,232,89,129,1560,0.0093,72335,28776
613,360,466,2,341,380,69,109,1560,0.0093,72335,28776
614,360,466,0,329,368,65,105,1560,0.0093,72450,28776
615,360,466,1,197,236,85,125,1560,0.0093,72450,28776
616,360,466,2,87,135,53,100,2256,0.0134,72450,28776
617,360,466,0,327,375,57,105,2304,0.0137,72565,28776
618,360,466,1,87,135,53,100,2256,0.0134,72565,28776
619,360,466,2,189,228,81,121,1560,0.0093,72565,28776
620,360,466,0,356,404,38,86,2304,0.0137,72680,28776
621,360,466,0,210,278,90,158,4624,0.0276,73715,28776
622,360,466,0,163,220,50,107,3249,0.0194,73830,28776
623,360,466,0,255,303,168,215,2256,0.0134,73945,28776
624,360,466,0,251,298,173,220,2209,0.0132,74060,28776
625,360,466,0,92,140,81,129,2304,0.0137,74175,28776
626,360,466,1,327,375,201,249,2304,0.0137,74175,28776
627,360,466,0,94,151,73,130,3249,0.0194,74290,28776
628,360,466,1,323,370,182,230,2256,0.0134,74290,28776
629,360,466,0,236,284,91,138,2256,0.0134,74405,28776
630,360,466,0,182,250,21,89,4624,0.0276,74520,28776
631,360,466,0,141,180,205,245,1560,0.0093,74635,28776
632,360,466,1,289,328,97,137,1560,0.0093,74635,28776
633,360,466,0,289,328,93,133,1560,0.0093,74750,28776
634,360,466,1,173,212,205,245,1560,0.0093,74750,28776
635,360,466,0,185,224,185,225,1560,0.0093,74865,28776
636,360,466,1,285,324,93,133,1560,0.0093,74865,28776
637,360,466,0,217,285,76,145,4692,0.028,74980,28776
638,360,466,0,232,289,91,148,3249,0.0194,75095,28776
639,360,466,0,169,208,185,225,1560,0.0093,75210,28776
640,360,466,1,277,316,93,133,1560,0.0093,75210,28776
641,360,466,0,217,285,69,138,4692,0.028,75325,28776
642,360,466,0,165,204,49,89,1560,0.0093,75440,28776
643,360,466,1,233,272,69,109,1560,0.0093,75440,28776
644,360,466,0,345,384,77,117,1560,0.0093,75670,28776
645,360,466,0,117,174,73,130,3249,0.0194,75785,28776
646,360,466,0,140,197,79,136,3249,0.0194,75900,28776
647,360,466,0,270,317,67,114,2209,0.0132,76015,28776
648,360,466,0,265,312,81,129,2256,0.0134,76130,28776
649,360,466,0,81,120,277,317,1560,0.0093,76245,28776
650,360,466,1,146,202,68,125,3192,0.019,76245,28776
651,360,466,0,181,220,65,105,1560,0.0093,76360,28776
652,360,466,1,245,284,49,89,1560,0.0093,76360,28776
653,360,466,0,237,306,76,145,4761,0.0284,76475,28776
654,360,466,0,230,299,62,131,4761,0.0284,76590,28776
655,360,466,0,237,306,62,131,4761,0.0284,76705,28776
656,360,466,0,175,243,111,179,4624,0.0276,76820,28776
657,360,466,0,179,226,67,114,2209,0.0132,76935,28776
658,360,466,0,237,306,69,138,4761,0.0284,77050,28776
659,360,466,0,230,299,76,145,4761,0.0284,77165,28776
660,360,466,0,134,202,49,117,4624,0.0276,77280,28776
661,360,466,0,70,151,106,188,6642,0.0396,77395,28776
662,360,466,1,235,317,65,147,6724,0.0401,77395,28776
663,360,466,0,168,236,104,172,4624,0.0276,77510,28776
664,360,466,0,134,191,79,136,3249,0.0194,77625,28776
665,360,466,0,237,306,69,138,4761,0.0284,77740,28776
666,360,466,0,177,216,61,101,1560,0.0093,78085,28776
667,360,466,0,63,111,48,95,2256,0.0134,78200,28776
668,360,466,1,303,351,105,153,2304,0.0137,78200,28776
669,360,466,0,59,106,48,95,2209,0.0132,78315,28776
670,360,466,1,289,336,125,172,2209,0.0132,78315,28776
671,360,466,0,59,106,48,95,2209,0.0132,78430,28776
672,360,466,1,284,341,79,136,3249,0.0194,78430,28776
673,360,466,0,275,322,86,134,2256,0.0134,78545,28776
674,360,466,1,87,135,48,95,2256,0.0134,78545,28776
675,360,466,0,141,209,76,145,4692,0.028,78660,28776
676,360,466,0,194,276,90,172,6724,0.0401,78775,28776
677,360,466,0,197,254,62,119,3249,0.0194,78890,28776
678,360,466,0,168,236,62,131,4692,0.028,79005,28776
679,360,466,0,163,220,56,113,3249,0.0194,79120,28776
680,360,466,0,105,162,56,113,3249,0.0194,79235,28776
681,360,466,1,353,410,79,136,3249,0.0194,79235,28776
682,360,466,0,188,236,67,114,2256,0.0134,79350,28776
683,360,466,0,197,236,93,133,1560,0.0093,80040,28776
684,360,466,1,17,56,101,141,1560,0.0093,80040,28776
685,360,466,2,371,418,77,124,2209,0.0132,80040,28776
686,360,466,0,165,204,93,133,1560,0.0093,80155,28776
687,360,466,1,342,389,53,100,2209,0.0132,80155,28776
688,360,466,0,157,196,189,229,1560,0.0093,80845,28776
689,360,466,0,173,212,169,209,1560,0.0093,80960,28776
690,360,466,1,258,326,62,131,4692,0.028,80960,28776
691,360,466,0,153,192,177,217,1560,0.0093,81190,28776
692,360,466,0,149,188,53,93,1560,0.0093,81650,28776
693,360,466,0,185,224,81,121,1560,0.0093,81995,28776
694,360,466,0,210,278,104,172,4624,0.0276,82225,28776
695,360,466,0,224,292,104,172,4624,0.0276,82340,28776
696,360,466,0,181,220,77,117,1560,0.0093,82455,28776
697,360,466,0,177,259,123,205,6724,0.0401,82570,28776
698,360,466,0,177,259,106,188,6724,0.0401,82685,28776
699,360,466,0,224,292,132,200,4624,0.0276,82800,28776
700,360,466,0,309,348,121,161,1560,0.0093,83030,28776
701,360,466,0,274,372,86,184,9604,0.0572,83375,28776
702,360,466,0,209,266,62,119,3249,0.0194,84525,28776
703,360,466,0,140,197,102,159,3249,0.0194,84755,28776
704,360,466,0,82,139,96,153,3249,0.0194,84870,28776
705,360,466,0,182,250,69,138,4692,0.028,85100,28776
706,360,466,0,134,202,76,145,4692,0.028,85675,28776
707,360,466,0,195,293,96,194,9604,0.0572,86825,28776
708,360,466,0,115,213,56,154,9604,0.0572,87170,28776
709,360,466,0,118,260,59,201,20164,0.1202,87285,28776
710,360,466,0,147,288,88,230,20022,0.1193,89355,28776
711,360,466,0,132,274,131,273,20164,0.1202,89470,28776
712,360,466,0,161,303,117,258,20022,0.1193,90045,28776
713,360,466,0,161,303,131,273,20164,0.1202,90160,28776
714,360,466,0,185,355,123,293,28900,0.1723,90275,28776
715,360,466,0,117,174,45,101,3192,0.019,91540,28776
716,360,466,0,251,298,120,167,2209,0.0132,91655,28776
717,360,466,1,164,212,67,114,2256,0.0134,91655,28776
718,360,466,0,265,312,120,167,2209,0.0132,91770,28776
719,360,466,1,151,208,50,107,3249,0.0194,91770,28776
720,360,466,0,313,370,85,142,3249,0.0194,92115,28776
721,360,466,1,241,288,120,167,2209,0.0132,92115,28776
722,360,466,2,111,168,50,107,3249,0.0194,92115,28776
723,360,466,0,65,122,50,107,3249,0.0194,92230,28776
724,360,466,1,307,364,91,148,3249,0.0194,92230,28776
725,360,466,2,255,303,120,167,2256,0.0134,92230,28776
726,360,466,0,270,317,115,162,2209,0.0132,92345,28776
727,360,466,1,105,162,50,107,3249,0.0194,92345,28776
728,360,466,2,155,253,105,204,9702,0.0578,92345,28776
729,360,466,0,135,233,125,224,9702,0.0578,92460,28776
730,360,466,0,147,288,117,258,19881,0.1185,92575,28776
731,360,466,0,161,303,131,273,20164,0.1202,92690,28776
732,360,466,0,255,303,110,158,2304,0.0137,92805,28776
733,360,466,0,265,304,65,105,1560,0.0093,93150,28776
734,360,466,0,257,296,61,101,1560,0.0093,93265,28776
735,360,466,0,281,320,57,97,1560,0.0093,93380,28776
736,360,466,0,269,308,53,93,1560,0.0093,93495,28776
737,360,466,0,265,304,57,97,1560,0.0093,93610,28776
738,360,466,0,195,293,96,194,9604,0.0572,94530,28776
739,360,466,0,185,283,105,204,9702,0.0578,94645,28776
740,360,466,0,219,301,81,163,6724,0.0401,95335,28776
741,360,466,0,301,358,91,148,3249,0.0194,96255,28776
742,360,466,1,174,221,72,119,2209,0.0132,96255,28776
743,360,466,0,152,270,70,188,13924,0.083,96370,28776
744,360,466,0,201,240,29,69,1560,0.0093,96600,28776
745,360,466,1,397,436,45,85,1560,0.0093,96600,28776
746,360,466,0,237,276,29,69,1560,0.0093,96715,28776
747,360,466,1,68,116,43,90,2256,0.0134,96715,28776
748,360,466,0,152,270,82,200,13924,0.083,96830,28776
749,360,466,0,217,264,48,95,2209,0.0132,96945,28776
750,360,466,1,1,48,67,114,2209,0.0132,96945,28776
751,360,466,0,233,272,53,93,1560,0.0093,97060,28776
752,360,466,1,5,44,69,109,1560,0.0093,97060,28776
753,360,466,0,233,272,49,89,1560,0.0093,97175,28776
754,360,466,1,1,48,67,114,2209,0.0132,97175,28776
755,360,466,0,366,413,43,90,2209,0.0132,97290,28776
756,360,466,0,177,259,140,221,6642,0.0396,97520,28776
757,360,466,0,161,303,131,273,20164,0.1202,98210,28776
758,360,466,0,267,323,85,142,3192,0.019,98900,28776
759,360,466,0,209,266,131,188,3249,0.0194,99015,28776
760,360,466,0,113,357,82,327,59780,0.3563,99130,28776
761,360,466,0,130,333,97,300,41209,0.2456,99245,28776
762,360,466,0,130,333,97,300,41209,0.2456,99360,28776
763,360,466,0,277,359,115,197,6724,0.0401,100855,28776
764,360,466,0,260,342,115,197,6724,0.0401,100970,28776
765,360,466,0,195,293,66,164,9604,0.0572,101085,28776
766,360,466,0,177,259,81,163,6724,0.0401,101200,28776
767,360,466,0,161,200,57,97,1560,0.0093,101430,28776
768,360,466,0,193,232,57,97,1560,0.0093,101545,28776
769,360,466,0,181,220,53,93,1560,0.0093,101660,28776
770,360,466,0,153,192,57,97,1560,0.0093,101775,28776
771,360,466,0,141,180,57,97,1560,0.0093,101890,28776
772,360,466,1,57,96,33,73,1560,0.0093,101890,28776
773,360,466,0,128,210,57,138,6642,0.0396,102005,28776
774,360,466,0,235,317,65,147,6724,0.0401,102120,28776
775,360,466,0,194,276,81,163,6724,0.0401,102235,28776
776,360,466,0,186,268,73,155,6724,0.0401,102350,28776
777,360,466,0,125,164,57,97,1560,0.0093,102465,28776
778,360,466,0,189,257,69,138,4692,0.028,102580,28776
779,360,466,0,189,257,76,145,4692,0.028,102695,28776
780,360,466,0,129,168,69,109,1560,0.0093,102925,28776
781,360,466,1,313,352,61,101,1560,0.0093,102925,28776
782,360,466,0,161,200,61,101,1560,0.0093,103385,28776
783,360,466,1,381,420,45,85,1560,0.0093,103385,28776
784,360,466,0,157,196,61,101,1560,0.0093,103500,28776
785,360,466,0,227,274,86,134,2256,0.0134,105110,28776
786,360,466,0,209,266,79,136,3249,0.0194,105225,28776
787,360,466,0,198,245,77,124,2209,0.0132,105340,28776
788,360,466,0,183,231,62,110,2304,0.0137,105800,28776
789,360,466,0,222,269,77,124,2209,0.0132,106605,28776
790,360,466,0,176,294,130,248,13924,0.083,106835,28776
791,360,466,0,324,381,166,222,3192,0.019,107410,28776
792,360,466,0,186,268,65,147,6724,0.0401,107640,28776
793,360,466,0,232,289,200,257,3249,0.0194,107870,28776
794,360,466,0,85,183,165,264,9702,0.0578,108215,28776
795,360,466,0,32,174,31,172,20022,0.1193,108330,28776
796,360,466,0,116,234,106,224,13924,0.083,108560,28776
797,360,466,0,92,210,154,272,13924,0.083,110400,28776
798,360,466,0,125,223,175,273,9604,0.0572,111435,28776
799,360,466,0,135,233,115,214,9702,0.0578,111550,28776
800,360,466,0,161,303,74,215,20022,0.1193,116150,28776
801,360,466,0,161,303,88,230,20164,0.1202,116265,28776
802,360,466,0,88,292,117,321,41616,0.2481,116380,28776
803,360,466,0,109,313,138,342,41616,0.2481,116495,28776
804,360,466,0,351,399,264,311,2256,0.0134,117415,28776
805,360,466,0,128,210,65,147,6724,0.0401,117760,28776
806,360,466,0,313,370,33,90,3249,0.0194,117875,28776
807,360,466,1,116,164,72,119,2256,0.0134,117875,28776
808,360,466,2,257,296,65,105,1560,0.0093,117875,28776
809,360,466,3,179,226,38,86,2256,0.0134,117875,28776
810,360,466,4,53,110,56,113,3249,0.0194,117875,28776
811,360,466,0,111,159,67,114,2256,0.0134,117990,28776
812,360,466,1,313,370,33,90,3249,0.0194,117990,28776
813,360,466,2,257,296,65,105,1560,0.0093,117990,28776
814,360,466,3,53,110,50,107,3249,0.0194,117990,28776
815,360,466,4,169,226,27,84,3249,0.0194,117990,28776
816,360,466,0,203,271,90,158,4624,0.0276,118680,28776
817,360,466,0,196,264,83,151,4624,0.0276,118795,28776
818,360,466,0,196,264,76,145,4692,0.028,119025,28776
819,360,466,0,233,272,89,129,1560,0.0093,119945,28776
