,imdb_id,frame_num,is_car,is_not_car
0,56923,0,0,1
1,56923,24,0,1
2,56923,48,0,1
3,56923,72,0,1
4,56923,96,0,1
5,56923,120,0,1
6,56923,144,0,1
7,56923,168,0,1
8,56923,192,0,1
9,56923,216,0,1
10,56923,240,0,1
11,56923,264,0,1
12,56923,288,0,1
13,56923,312,0,1
14,56923,336,0,1
15,56923,360,0,1
16,56923,384,0,1
17,56923,408,0,1
18,56923,432,0,1
19,56923,456,0,1
20,56923,480,0,1
21,56923,504,0,1
22,56923,528,0,1
23,56923,552,0,1
24,56923,576,0,1
25,56923,600,0,1
26,56923,624,0,1
27,56923,648,0,1
28,56923,672,0,1
29,56923,696,0,1
30,56923,720,0,1
31,56923,744,0,1
32,56923,768,0,1
33,56923,792,0,1
34,56923,816,0,1
35,56923,840,1,0
36,56923,864,0,1
37,56923,888,0,1
38,56923,912,1,0
39,56923,936,0,1
40,56923,960,1,0
41,56923,984,1,0
42,56923,1008,0,1
43,56923,1032,1,0
44,56923,1056,1,0
45,56923,1080,1,0
46,56923,1104,1,0
47,56923,1128,1,0
48,56923,1152,1,0
49,56923,1176,1,0
50,56923,1200,0,1
51,56923,1224,0,1
52,56923,1248,0,1
53,56923,1272,0,1
54,56923,1296,0,1
55,56923,1320,0,1
56,56923,1344,0,1
57,56923,1368,0,1
58,56923,1392,0,1
59,56923,1416,0,1
60,56923,1440,0,1
61,56923,1464,0,1
62,56923,1488,0,1
63,56923,1512,0,1
64,56923,1536,0,1
65,56923,1560,0,1
66,56923,1584,0,1
67,56923,1608,0,1
68,56923,1632,0,1
69,56923,1656,0,1
70,56923,1680,0,1
71,56923,1704,0,1
72,56923,1728,0,1
73,56923,1752,0,1
74,56923,1776,0,1
75,56923,1800,0,1
76,56923,1824,0,1
77,56923,1848,0,1
78,56923,1872,0,1
79,56923,1896,0,1
80,56923,1920,0,1
81,56923,1944,1,0
82,56923,1968,1,0
83,56923,1992,0,1
84,56923,2016,0,1
85,56923,2040,0,1
86,56923,2064,0,1
87,56923,2088,1,0
88,56923,2112,0,1
89,56923,2136,0,1
90,56923,2160,0,1
91,56923,2184,0,1
92,56923,2208,0,1
93,56923,2232,1,0
94,56923,2256,0,1
95,56923,2280,0,1
96,56923,2304,0,1
97,56923,2328,0,1
98,56923,2352,0,1
99,56923,2376,0,1
100,56923,2400,0,1
101,56923,2424,0,1
102,56923,2448,0,1
103,56923,2472,0,1
104,56923,2496,0,1
105,56923,2520,0,1
106,56923,2544,0,1
107,56923,2568,0,1
108,56923,2592,0,1
109,56923,2616,0,1
110,56923,2640,0,1
111,56923,2664,0,1
112,56923,2688,0,1
113,56923,2712,0,1
114,56923,2736,0,1
115,56923,2760,0,1
116,56923,2784,0,1
117,56923,2808,0,1
118,56923,2832,0,1
119,56923,2856,0,1
120,56923,2880,0,1
121,56923,2904,0,1
122,56923,2928,0,1
123,56923,2952,0,1
124,56923,2976,0,1
125,56923,3000,0,1
126,56923,3024,0,1
127,56923,3048,0,1
128,56923,3072,0,1
129,56923,3096,0,1
130,56923,3120,0,1
131,56923,3144,0,1
132,56923,3168,0,1
133,56923,3192,0,1
134,56923,3216,0,1
135,56923,3240,0,1
136,56923,3264,0,1
137,56923,3288,0,1
138,56923,3312,0,1
139,56923,3336,0,1
140,56923,3360,0,1
141,56923,3384,0,1
142,56923,3408,0,1
143,56923,3432,0,1
144,56923,3456,0,1
145,56923,3480,0,1
146,56923,3504,0,1
147,56923,3528,0,1
148,56923,3552,0,1
149,56923,3576,0,1
150,56923,3600,0,1
151,56923,3624,0,1
152,56923,3648,0,1
153,56923,3672,0,1
154,56923,3696,0,1
155,56923,3720,0,1
156,56923,3744,0,1
157,56923,3768,0,1
158,56923,3792,0,1
159,56923,3816,0,1
160,56923,3840,0,1
161,56923,3864,0,1
162,56923,3888,0,1
163,56923,3912,0,1
164,56923,3936,0,1
165,56923,3960,0,1
166,56923,3984,0,1
167,56923,4008,0,1
168,56923,4032,0,1
169,56923,4056,0,1
170,56923,4080,0,1
171,56923,4104,0,1
172,56923,4128,0,1
173,56923,4152,0,1
174,56923,4176,0,1
175,56923,4200,0,1
176,56923,4224,0,1
177,56923,4248,0,1
178,56923,4272,0,1
179,56923,4296,0,1
180,56923,4320,0,1
181,56923,4344,0,1
182,56923,4368,0,1
183,56923,4392,0,1
184,56923,4416,0,1
185,56923,4440,0,1
186,56923,4464,0,1
187,56923,4488,0,1
188,56923,4512,0,1
189,56923,4536,0,1
190,56923,4560,1,0
191,56923,4584,1,0
192,56923,4608,0,1
193,56923,4632,0,1
194,56923,4656,0,1
195,56923,4680,0,1
196,56923,4704,1,0
197,56923,4728,0,1
198,56923,4752,0,1
199,56923,4776,0,1
200,56923,4800,0,1
201,56923,4824,0,1
202,56923,4848,0,1
203,56923,4872,0,1
204,56923,4896,1,0
205,56923,4920,0,1
206,56923,4944,1,0
207,56923,4968,0,1
208,56923,4992,0,1
209,56923,5016,0,1
210,56923,5040,0,1
211,56923,5064,0,1
212,56923,5088,0,1
213,56923,5112,0,1
214,56923,5136,1,0
215,56923,5160,0,1
216,56923,5184,0,1
217,56923,5208,0,1
218,56923,5232,0,1
219,56923,5256,0,1
220,56923,5280,0,1
221,56923,5304,0,1
222,56923,5328,0,1
223,56923,5352,0,1
224,56923,5376,0,1
225,56923,5400,0,1
226,56923,5424,0,1
227,56923,5448,0,1
228,56923,5472,0,1
229,56923,5496,0,1
230,56923,5520,0,1
231,56923,5544,0,1
232,56923,5568,0,1
233,56923,5592,0,1
234,56923,5616,0,1
235,56923,5640,0,1
236,56923,5664,0,1
237,56923,5688,0,1
238,56923,5712,0,1
239,56923,5736,0,1
240,56923,5760,0,1
241,56923,5784,0,1
242,56923,5808,0,1
243,56923,5832,0,1
244,56923,5856,0,1
245,56923,5880,0,1
246,56923,5904,0,1
247,56923,5928,0,1
248,56923,5952,0,1
249,56923,5976,0,1
250,56923,6000,0,1
251,56923,6024,0,1
252,56923,6048,0,1
253,56923,6072,0,1
254,56923,6096,0,1
255,56923,6120,0,1
256,56923,6144,0,1
257,56923,6168,0,1
258,56923,6192,0,1
259,56923,6216,0,1
260,56923,6240,0,1
261,56923,6264,0,1
262,56923,6288,0,1
263,56923,6312,0,1
264,56923,6336,0,1
265,56923,6360,0,1
266,56923,6384,0,1
267,56923,6408,0,1
268,56923,6432,0,1
269,56923,6456,0,1
270,56923,6480,0,1
271,56923,6504,0,1
272,56923,6528,0,1
273,56923,6552,0,1
274,56923,6576,0,1
275,56923,6600,0,1
276,56923,6624,1,0
277,56923,6648,1,0
278,56923,6672,1,0
279,56923,6696,0,1
280,56923,6720,1,0
281,56923,6744,1,0
282,56923,6768,1,0
283,56923,6792,0,1
284,56923,6816,1,0
285,56923,6840,1,0
286,56923,6864,1,0
287,56923,6888,1,0
288,56923,6912,0,1
289,56923,6936,0,1
290,56923,6960,0,1
291,56923,6984,0,1
292,56923,7008,0,1
293,56923,7032,1,0
294,56923,7056,1,0
295,56923,7080,0,1
296,56923,7104,0,1
297,56923,7128,0,1
298,56923,7152,0,1
299,56923,7176,0,1
300,56923,7200,0,1
301,56923,7224,1,0
302,56923,7248,0,1
303,56923,7272,0,1
304,56923,7296,0,1
305,56923,7320,0,1
306,56923,7344,0,1
307,56923,7368,0,1
308,56923,7392,0,1
309,56923,7416,0,1
310,56923,7440,0,1
311,56923,7464,0,1
312,56923,7488,0,1
313,56923,7512,0,1
314,56923,7536,0,1
315,56923,7560,0,1
316,56923,7584,0,1
317,56923,7608,0,1
318,56923,7632,0,1
319,56923,7656,0,1
320,56923,7680,0,1
321,56923,7704,0,1
322,56923,7728,0,1
323,56923,7752,0,1
324,56923,7776,0,1
325,56923,7800,0,1
326,56923,7824,0,1
327,56923,7848,0,1
328,56923,7872,0,1
329,56923,7896,0,1
330,56923,7920,0,1
331,56923,7944,0,1
332,56923,7968,0,1
333,56923,7992,0,1
334,56923,8016,0,1
335,56923,8040,0,1
336,56923,8064,0,1
337,56923,8088,0,1
338,56923,8112,0,1
339,56923,8136,0,1
340,56923,8160,0,1
341,56923,8184,0,1
342,56923,8208,0,1
343,56923,8232,0,1
344,56923,8256,0,1
345,56923,8280,0,1
346,56923,8304,0,1
347,56923,8328,0,1
348,56923,8352,0,1
349,56923,8376,0,1
350,56923,8400,0,1
351,56923,8424,0,1
352,56923,8448,0,1
353,56923,8472,0,1
354,56923,8496,0,1
355,56923,8520,0,1
356,56923,8544,0,1
357,56923,8568,0,1
358,56923,8592,1,0
359,56923,8616,0,1
360,56923,8640,0,1
361,56923,8664,0,1
362,56923,8688,0,1
363,56923,8712,0,1
364,56923,8736,0,1
365,56923,8760,0,1
366,56923,8784,0,1
367,56923,8808,0,1
368,56923,8832,0,1
369,56923,8856,0,1
370,56923,8880,0,1
371,56923,8904,0,1
372,56923,8928,0,1
373,56923,8952,0,1
374,56923,8976,0,1
375,56923,9000,0,1
376,56923,9024,0,1
377,56923,9048,0,1
378,56923,9072,0,1
379,56923,9096,0,1
380,56923,9120,0,1
381,56923,9144,0,1
382,56923,9168,0,1
383,56923,9192,0,1
384,56923,9216,0,1
385,56923,9240,0,1
386,56923,9264,0,1
387,56923,9288,0,1
388,56923,9312,0,1
389,56923,9336,0,1
390,56923,9360,0,1
391,56923,9384,0,1
392,56923,9408,0,1
393,56923,9432,0,1
394,56923,9456,0,1
395,56923,9480,0,1
396,56923,9504,0,1
397,56923,9528,0,1
398,56923,9552,0,1
399,56923,9576,0,1
400,56923,9600,0,1
401,56923,9624,0,1
402,56923,9648,0,1
403,56923,9672,0,1
404,56923,9696,0,1
405,56923,9720,0,1
406,56923,9744,0,1
407,56923,9768,0,1
408,56923,9792,0,1
409,56923,9816,0,1
410,56923,9840,0,1
411,56923,9864,0,1
412,56923,9888,0,1
413,56923,9912,0,1
414,56923,9936,0,1
415,56923,9960,0,1
416,56923,9984,0,1
417,56923,10008,0,1
418,56923,10032,0,1
419,56923,10056,0,1
420,56923,10080,0,1
421,56923,10104,0,1
422,56923,10128,0,1
423,56923,10152,0,1
424,56923,10176,0,1
425,56923,10200,0,1
426,56923,10224,0,1
427,56923,10248,1,0
428,56923,10272,1,0
429,56923,10296,1,0
430,56923,10320,1,0
431,56923,10344,1,0
432,56923,10368,1,0
433,56923,10392,1,0
434,56923,10416,1,0
435,56923,10440,1,0
436,56923,10464,1,0
437,56923,10488,1,0
438,56923,10512,1,0
439,56923,10536,1,0
440,56923,10560,1,0
441,56923,10584,1,0
442,56923,10608,1,0
443,56923,10632,0,1
444,56923,10656,0,1
445,56923,10680,1,0
446,56923,10704,1,0
447,56923,10728,0,1
448,56923,10752,0,1
449,56923,10776,0,1
450,56923,10800,1,0
451,56923,10824,1,0
452,56923,10848,1,0
453,56923,10872,1,0
454,56923,10896,0,1
455,56923,10920,0,1
456,56923,10944,0,1
457,56923,10968,0,1
458,56923,10992,0,1
459,56923,11016,0,1
460,56923,11040,0,1
461,56923,11064,0,1
462,56923,11088,0,1
463,56923,11112,0,1
464,56923,11136,0,1
465,56923,11160,0,1
466,56923,11184,0,1
467,56923,11208,0,1
468,56923,11232,0,1
469,56923,11256,0,1
470,56923,11280,0,1
471,56923,11304,0,1
472,56923,11328,0,1
473,56923,11352,0,1
474,56923,11376,0,1
475,56923,11400,0,1
476,56923,11424,0,1
477,56923,11448,0,1
478,56923,11472,0,1
479,56923,11496,0,1
480,56923,11520,0,1
481,56923,11544,0,1
482,56923,11568,0,1
483,56923,11592,0,1
484,56923,11616,0,1
485,56923,11640,0,1
486,56923,11664,0,1
487,56923,11688,0,1
488,56923,11712,0,1
489,56923,11736,0,1
490,56923,11760,0,1
491,56923,11784,0,1
492,56923,11808,0,1
493,56923,11832,0,1
494,56923,11856,0,1
495,56923,11880,0,1
496,56923,11904,0,1
497,56923,11928,0,1
498,56923,11952,0,1
499,56923,11976,0,1
500,56923,12000,0,1
501,56923,12024,0,1
502,56923,12048,0,1
503,56923,12072,0,1
504,56923,12096,0,1
505,56923,12120,0,1
506,56923,12144,0,1
507,56923,12168,0,1
508,56923,12192,0,1
509,56923,12216,0,1
510,56923,12240,0,1
511,56923,12264,0,1
512,56923,12288,0,1
513,56923,12312,0,1
514,56923,12336,0,1
515,56923,12360,0,1
516,56923,12384,0,1
517,56923,12408,0,1
518,56923,12432,0,1
519,56923,12456,0,1
520,56923,12480,0,1
521,56923,12504,0,1
522,56923,12528,0,1
523,56923,12552,0,1
524,56923,12576,0,1
525,56923,12600,0,1
526,56923,12624,0,1
527,56923,12648,0,1
528,56923,12672,0,1
529,56923,12696,0,1
530,56923,12720,0,1
531,56923,12744,0,1
532,56923,12768,0,1
533,56923,12792,0,1
534,56923,12816,0,1
535,56923,12840,0,1
536,56923,12864,0,1
537,56923,12888,0,1
538,56923,12912,0,1
539,56923,12936,0,1
540,56923,12960,0,1
541,56923,12984,0,1
542,56923,13008,0,1
543,56923,13032,0,1
544,56923,13056,0,1
545,56923,13080,0,1
546,56923,13104,0,1
547,56923,13128,0,1
548,56923,13152,0,1
549,56923,13176,0,1
550,56923,13200,0,1
551,56923,13224,0,1
552,56923,13248,1,0
553,56923,13272,0,1
554,56923,13296,0,1
555,56923,13320,0,1
556,56923,13344,0,1
557,56923,13368,0,1
558,56923,13392,0,1
559,56923,13416,0,1
560,56923,13440,0,1
561,56923,13464,0,1
562,56923,13488,0,1
563,56923,13512,0,1
564,56923,13536,0,1
565,56923,13560,0,1
566,56923,13584,0,1
567,56923,13608,0,1
568,56923,13632,0,1
569,56923,13656,0,1
570,56923,13680,0,1
571,56923,13704,0,1
572,56923,13728,0,1
573,56923,13752,0,1
574,56923,13776,0,1
575,56923,13800,0,1
576,56923,13824,0,1
577,56923,13848,0,1
578,56923,13872,0,1
579,56923,13896,1,0
580,56923,13920,0,1
581,56923,13944,0,1
582,56923,13968,0,1
583,56923,13992,0,1
584,56923,14016,0,1
585,56923,14040,0,1
586,56923,14064,0,1
587,56923,14088,0,1
588,56923,14112,0,1
589,56923,14136,0,1
590,56923,14160,0,1
591,56923,14184,0,1
592,56923,14208,0,1
593,56923,14232,0,1
594,56923,14256,0,1
595,56923,14280,0,1
596,56923,14304,0,1
597,56923,14328,0,1
598,56923,14352,0,1
599,56923,14376,0,1
600,56923,14400,0,1
601,56923,14424,0,1
602,56923,14448,0,1
603,56923,14472,0,1
604,56923,14496,0,1
605,56923,14520,0,1
606,56923,14544,0,1
607,56923,14568,0,1
608,56923,14592,0,1
609,56923,14616,0,1
610,56923,14640,0,1
611,56923,14664,0,1
612,56923,14688,0,1
613,56923,14712,0,1
614,56923,14736,0,1
615,56923,14760,0,1
616,56923,14784,0,1
617,56923,14808,0,1
618,56923,14832,0,1
619,56923,14856,0,1
620,56923,14880,0,1
621,56923,14904,0,1
622,56923,14928,0,1
623,56923,14952,0,1
624,56923,14976,0,1
625,56923,15000,0,1
626,56923,15024,0,1
627,56923,15048,0,1
628,56923,15072,0,1
629,56923,15096,0,1
630,56923,15120,0,1
631,56923,15144,0,1
632,56923,15168,0,1
633,56923,15192,0,1
634,56923,15216,0,1
635,56923,15240,0,1
636,56923,15264,0,1
637,56923,15288,0,1
638,56923,15312,0,1
639,56923,15336,0,1
640,56923,15360,0,1
641,56923,15384,0,1
642,56923,15408,0,1
643,56923,15432,0,1
644,56923,15456,0,1
645,56923,15480,0,1
646,56923,15504,0,1
647,56923,15528,0,1
648,56923,15552,0,1
649,56923,15576,0,1
650,56923,15600,0,1
651,56923,15624,0,1
652,56923,15648,0,1
653,56923,15672,0,1
654,56923,15696,0,1
655,56923,15720,0,1
656,56923,15744,0,1
657,56923,15768,0,1
658,56923,15792,0,1
659,56923,15816,0,1
660,56923,15840,0,1
661,56923,15864,0,1
662,56923,15888,0,1
663,56923,15912,0,1
664,56923,15936,0,1
665,56923,15960,0,1
666,56923,15984,0,1
667,56923,16008,0,1
668,56923,16032,0,1
669,56923,16056,0,1
670,56923,16080,0,1
671,56923,16104,0,1
672,56923,16128,1,0
673,56923,16152,0,1
674,56923,16176,0,1
675,56923,16200,0,1
676,56923,16224,0,1
677,56923,16248,0,1
678,56923,16272,0,1
679,56923,16296,0,1
680,56923,16320,0,1
681,56923,16344,0,1
682,56923,16368,0,1
683,56923,16392,0,1
684,56923,16416,0,1
685,56923,16440,0,1
686,56923,16464,0,1
687,56923,16488,0,1
688,56923,16512,0,1
689,56923,16536,1,0
690,56923,16560,1,0
691,56923,16584,0,1
692,56923,16608,1,0
693,56923,16632,1,0
694,56923,16656,1,0
695,56923,16680,1,0
696,56923,16704,0,1
697,56923,16728,0,1
698,56923,16752,0,1
699,56923,16776,0,1
700,56923,16800,0,1
701,56923,16824,0,1
702,56923,16848,0,1
703,56923,16872,0,1
704,56923,16896,0,1
705,56923,16920,0,1
706,56923,16944,0,1
707,56923,16968,0,1
708,56923,16992,0,1
709,56923,17016,0,1
710,56923,17040,0,1
711,56923,17064,0,1
712,56923,17088,0,1
713,56923,17112,0,1
714,56923,17136,1,0
715,56923,17160,0,1
716,56923,17184,0,1
717,56923,17208,0,1
718,56923,17232,0,1
719,56923,17256,0,1
720,56923,17280,0,1
721,56923,17304,0,1
722,56923,17328,0,1
723,56923,17352,0,1
724,56923,17376,0,1
725,56923,17400,0,1
726,56923,17424,0,1
727,56923,17448,0,1
728,56923,17472,0,1
729,56923,17496,0,1
730,56923,17520,0,1
731,56923,17544,0,1
732,56923,17568,0,1
733,56923,17592,0,1
734,56923,17616,0,1
735,56923,17640,0,1
736,56923,17664,0,1
737,56923,17688,0,1
738,56923,17712,0,1
739,56923,17736,0,1
740,56923,17760,0,1
741,56923,17784,0,1
742,56923,17808,0,1
743,56923,17832,0,1
744,56923,17856,0,1
745,56923,17880,0,1
746,56923,17904,0,1
747,56923,17928,0,1
748,56923,17952,0,1
749,56923,17976,0,1
750,56923,18000,0,1
751,56923,18024,0,1
752,56923,18048,0,1
753,56923,18072,0,1
754,56923,18096,0,1
755,56923,18120,1,0
756,56923,18144,0,1
757,56923,18168,0,1
758,56923,18192,0,1
759,56923,18216,0,1
760,56923,18240,0,1
761,56923,18264,0,1
762,56923,18288,0,1
763,56923,18312,0,1
764,56923,18336,0,1
765,56923,18360,0,1
766,56923,18384,0,1
767,56923,18408,0,1
768,56923,18432,0,1
769,56923,18456,0,1
770,56923,18480,0,1
771,56923,18504,0,1
772,56923,18528,0,1
773,56923,18552,0,1
774,56923,18576,0,1
775,56923,18600,0,1
776,56923,18624,0,1
777,56923,18648,0,1
778,56923,18672,0,1
779,56923,18696,0,1
780,56923,18720,0,1
781,56923,18744,0,1
782,56923,18768,0,1
783,56923,18792,0,1
784,56923,18816,0,1
785,56923,18840,0,1
786,56923,18864,0,1
787,56923,18888,0,1
788,56923,18912,0,1
789,56923,18936,0,1
790,56923,18960,0,1
791,56923,18984,0,1
792,56923,19008,0,1
793,56923,19032,0,1
794,56923,19056,0,1
795,56923,19080,0,1
796,56923,19104,0,1
797,56923,19128,0,1
798,56923,19152,0,1
799,56923,19176,0,1
800,56923,19200,0,1
801,56923,19224,0,1
802,56923,19248,0,1
803,56923,19272,0,1
804,56923,19296,0,1
805,56923,19320,0,1
806,56923,19344,0,1
807,56923,19368,0,1
808,56923,19392,0,1
809,56923,19416,0,1
810,56923,19440,0,1
811,56923,19464,0,1
812,56923,19488,0,1
813,56923,19512,0,1
814,56923,19536,0,1
815,56923,19560,0,1
816,56923,19584,0,1
817,56923,19608,0,1
818,56923,19632,0,1
819,56923,19656,0,1
820,56923,19680,0,1
821,56923,19704,0,1
822,56923,19728,0,1
823,56923,19752,0,1
824,56923,19776,0,1
825,56923,19800,0,1
826,56923,19824,0,1
827,56923,19848,0,1
828,56923,19872,0,1
829,56923,19896,0,1
830,56923,19920,0,1
831,56923,19944,0,1
832,56923,19968,0,1
833,56923,19992,0,1
834,56923,20016,0,1
835,56923,20040,0,1
836,56923,20064,0,1
837,56923,20088,0,1
838,56923,20112,0,1
839,56923,20136,0,1
840,56923,20160,0,1
841,56923,20184,0,1
842,56923,20208,0,1
843,56923,20232,0,1
844,56923,20256,0,1
845,56923,20280,0,1
846,56923,20304,0,1
847,56923,20328,0,1
848,56923,20352,0,1
849,56923,20376,0,1
850,56923,20400,0,1
851,56923,20424,0,1
852,56923,20448,0,1
853,56923,20472,0,1
854,56923,20496,0,1
855,56923,20520,0,1
856,56923,20544,0,1
857,56923,20568,0,1
858,56923,20592,0,1
859,56923,20616,0,1
860,56923,20640,0,1
861,56923,20664,0,1
862,56923,20688,0,1
863,56923,20712,0,1
864,56923,20736,0,1
865,56923,20760,0,1
866,56923,20784,0,1
867,56923,20808,0,1
868,56923,20832,0,1
869,56923,20856,0,1
870,56923,20880,0,1
871,56923,20904,0,1
872,56923,20928,0,1
873,56923,20952,0,1
874,56923,20976,0,1
875,56923,21000,0,1
876,56923,21024,0,1
877,56923,21048,0,1
878,56923,21072,0,1
879,56923,21096,0,1
880,56923,21120,0,1
881,56923,21144,0,1
882,56923,21168,0,1
883,56923,21192,0,1
884,56923,21216,0,1
885,56923,21240,0,1
886,56923,21264,0,1
887,56923,21288,0,1
888,56923,21312,0,1
889,56923,21336,0,1
890,56923,21360,0,1
891,56923,21384,0,1
892,56923,21408,0,1
893,56923,21432,0,1
894,56923,21456,0,1
895,56923,21480,0,1
896,56923,21504,0,1
897,56923,21528,0,1
898,56923,21552,0,1
899,56923,21576,0,1
900,56923,21600,0,1
901,56923,21624,0,1
902,56923,21648,0,1
903,56923,21672,0,1
904,56923,21696,0,1
905,56923,21720,0,1
906,56923,21744,0,1
907,56923,21768,0,1
908,56923,21792,0,1
909,56923,21816,0,1
910,56923,21840,0,1
911,56923,21864,0,1
912,56923,21888,0,1
913,56923,21912,0,1
914,56923,21936,0,1
915,56923,21960,0,1
916,56923,21984,0,1
917,56923,22008,0,1
918,56923,22032,0,1
919,56923,22056,0,1
920,56923,22080,0,1
921,56923,22104,0,1
922,56923,22128,0,1
923,56923,22152,0,1
924,56923,22176,0,1
925,56923,22200,0,1
926,56923,22224,0,1
927,56923,22248,0,1
928,56923,22272,0,1
929,56923,22296,0,1
930,56923,22320,0,1
931,56923,22344,0,1
932,56923,22368,0,1
933,56923,22392,0,1
934,56923,22416,0,1
935,56923,22440,0,1
936,56923,22464,0,1
937,56923,22488,0,1
938,56923,22512,0,1
939,56923,22536,0,1
940,56923,22560,0,1
941,56923,22584,0,1
942,56923,22608,0,1
943,56923,22632,0,1
944,56923,22656,0,1
945,56923,22680,0,1
946,56923,22704,0,1
947,56923,22728,0,1
948,56923,22752,0,1
949,56923,22776,0,1
950,56923,22800,0,1
951,56923,22824,0,1
952,56923,22848,0,1
953,56923,22872,0,1
954,56923,22896,0,1
955,56923,22920,0,1
956,56923,22944,0,1
957,56923,22968,0,1
958,56923,22992,0,1
959,56923,23016,0,1
960,56923,23040,0,1
961,56923,23064,0,1
962,56923,23088,0,1
963,56923,23112,0,1
964,56923,23136,0,1
965,56923,23160,0,1
966,56923,23184,0,1
967,56923,23208,0,1
968,56923,23232,0,1
969,56923,23256,0,1
970,56923,23280,0,1
971,56923,23304,1,0
972,56923,23328,0,1
973,56923,23352,0,1
974,56923,23376,0,1
975,56923,23400,0,1
976,56923,23424,0,1
977,56923,23448,0,1
978,56923,23472,0,1
979,56923,23496,0,1
980,56923,23520,0,1
981,56923,23544,0,1
982,56923,23568,0,1
983,56923,23592,0,1
984,56923,23616,0,1
985,56923,23640,1,0
986,56923,23664,1,0
987,56923,23688,1,0
988,56923,23712,0,1
989,56923,23736,0,1
990,56923,23760,0,1
991,56923,23784,0,1
992,56923,23808,0,1
993,56923,23832,0,1
994,56923,23856,0,1
995,56923,23880,0,1
996,56923,23904,0,1
997,56923,23928,1,0
998,56923,23952,1,0
999,56923,23976,1,0
1000,56923,24000,0,1
1001,56923,24024,1,0
1002,56923,24048,0,1
1003,56923,24072,0,1
1004,56923,24096,0,1
1005,56923,24120,0,1
1006,56923,24144,0,1
1007,56923,24168,0,1
1008,56923,24192,0,1
1009,56923,24216,0,1
1010,56923,24240,0,1
1011,56923,24264,0,1
1012,56923,24288,0,1
1013,56923,24312,0,1
1014,56923,24336,0,1
1015,56923,24360,0,1
1016,56923,24384,0,1
1017,56923,24408,0,1
1018,56923,24432,0,1
1019,56923,24456,0,1
1020,56923,24480,1,0
1021,56923,24504,0,1
1022,56923,24528,0,1
1023,56923,24552,0,1
1024,56923,24576,0,1
1025,56923,24600,0,1
1026,56923,24624,0,1
1027,56923,24648,0,1
1028,56923,24672,0,1
1029,56923,24696,0,1
1030,56923,24720,0,1
1031,56923,24744,0,1
1032,56923,24768,0,1
1033,56923,24792,0,1
1034,56923,24816,0,1
1035,56923,24840,0,1
1036,56923,24864,0,1
1037,56923,24888,0,1
1038,56923,24912,0,1
1039,56923,24936,0,1
1040,56923,24960,0,1
1041,56923,24984,0,1
1042,56923,25008,0,1
1043,56923,25032,0,1
1044,56923,25056,0,1
1045,56923,25080,0,1
1046,56923,25104,0,1
1047,56923,25128,0,1
1048,56923,25152,0,1
1049,56923,25176,0,1
1050,56923,25200,0,1
1051,56923,25224,0,1
1052,56923,25248,0,1
1053,56923,25272,0,1
1054,56923,25296,0,1
1055,56923,25320,0,1
1056,56923,25344,0,1
1057,56923,25368,0,1
1058,56923,25392,0,1
1059,56923,25416,0,1
1060,56923,25440,0,1
1061,56923,25464,0,1
1062,56923,25488,0,1
1063,56923,25512,0,1
1064,56923,25536,0,1
1065,56923,25560,0,1
1066,56923,25584,0,1
1067,56923,25608,0,1
1068,56923,25632,1,0
1069,56923,25656,1,0
1070,56923,25680,1,0
1071,56923,25704,1,0
1072,56923,25728,0,1
1073,56923,25752,0,1
1074,56923,25776,0,1
1075,56923,25800,0,1
1076,56923,25824,0,1
1077,56923,25848,0,1
1078,56923,25872,0,1
1079,56923,25896,0,1
1080,56923,25920,0,1
1081,56923,25944,0,1
1082,56923,25968,0,1
1083,56923,25992,1,0
1084,56923,26016,0,1
1085,56923,26040,0,1
1086,56923,26064,0,1
1087,56923,26088,0,1
1088,56923,26112,0,1
1089,56923,26136,0,1
1090,56923,26160,0,1
1091,56923,26184,0,1
1092,56923,26208,0,1
1093,56923,26232,1,0
1094,56923,26256,1,0
1095,56923,26280,1,0
1096,56923,26304,0,1
1097,56923,26328,0,1
1098,56923,26352,0,1
1099,56923,26376,1,0
1100,56923,26400,0,1
1101,56923,26424,0,1
1102,56923,26448,0,1
1103,56923,26472,0,1
1104,56923,26496,0,1
1105,56923,26520,0,1
1106,56923,26544,0,1
1107,56923,26568,0,1
1108,56923,26592,0,1
1109,56923,26616,1,0
1110,56923,26640,1,0
1111,56923,26664,1,0
1112,56923,26688,0,1
1113,56923,26712,0,1
1114,56923,26736,0,1
1115,56923,26760,0,1
1116,56923,26784,0,1
1117,56923,26808,0,1
1118,56923,26832,0,1
1119,56923,26856,0,1
1120,56923,26880,0,1
1121,56923,26904,0,1
1122,56923,26928,0,1
1123,56923,26952,0,1
1124,56923,26976,0,1
1125,56923,27000,0,1
1126,56923,27024,0,1
1127,56923,27048,0,1
1128,56923,27072,0,1
1129,56923,27096,0,1
1130,56923,27120,0,1
1131,56923,27144,0,1
1132,56923,27168,0,1
1133,56923,27192,0,1
1134,56923,27216,0,1
1135,56923,27240,0,1
1136,56923,27264,0,1
1137,56923,27288,0,1
1138,56923,27312,0,1
1139,56923,27336,0,1
1140,56923,27360,0,1
1141,56923,27384,0,1
1142,56923,27408,0,1
1143,56923,27432,0,1
1144,56923,27456,0,1
1145,56923,27480,0,1
1146,56923,27504,0,1
1147,56923,27528,0,1
1148,56923,27552,0,1
1149,56923,27576,0,1
1150,56923,27600,0,1
1151,56923,27624,0,1
1152,56923,27648,0,1
1153,56923,27672,0,1
1154,56923,27696,0,1
1155,56923,27720,0,1
1156,56923,27744,0,1
1157,56923,27768,0,1
1158,56923,27792,0,1
1159,56923,27816,0,1
1160,56923,27840,0,1
1161,56923,27864,0,1
1162,56923,27888,0,1
1163,56923,27912,0,1
1164,56923,27936,0,1
1165,56923,27960,0,1
1166,56923,27984,0,1
1167,56923,28008,0,1
1168,56923,28032,0,1
1169,56923,28056,0,1
1170,56923,28080,0,1
1171,56923,28104,0,1
1172,56923,28128,0,1
1173,56923,28152,0,1
1174,56923,28176,0,1
1175,56923,28200,0,1
1176,56923,28224,0,1
1177,56923,28248,0,1
1178,56923,28272,0,1
1179,56923,28296,0,1
1180,56923,28320,0,1
1181,56923,28344,0,1
1182,56923,28368,0,1
1183,56923,28392,0,1
1184,56923,28416,1,0
1185,56923,28440,0,1
1186,56923,28464,0,1
1187,56923,28488,0,1
1188,56923,28512,0,1
1189,56923,28536,0,1
1190,56923,28560,0,1
1191,56923,28584,0,1
1192,56923,28608,0,1
1193,56923,28632,0,1
1194,56923,28656,0,1
1195,56923,28680,0,1
1196,56923,28704,0,1
1197,56923,28728,0,1
1198,56923,28752,0,1
1199,56923,28776,0,1
1200,56923,28800,0,1
1201,56923,28824,0,1
1202,56923,28848,0,1
1203,56923,28872,0,1
1204,56923,28896,0,1
1205,56923,28920,0,1
1206,56923,28944,0,1
1207,56923,28968,0,1
1208,56923,28992,0,1
1209,56923,29016,0,1
1210,56923,29040,0,1
1211,56923,29064,0,1
1212,56923,29088,0,1
1213,56923,29112,0,1
1214,56923,29136,0,1
1215,56923,29160,0,1
1216,56923,29184,0,1
1217,56923,29208,0,1
1218,56923,29232,0,1
1219,56923,29256,0,1
1220,56923,29280,0,1
1221,56923,29304,0,1
1222,56923,29328,0,1
1223,56923,29352,0,1
1224,56923,29376,0,1
1225,56923,29400,0,1
1226,56923,29424,1,0
1227,56923,29448,0,1
1228,56923,29472,0,1
1229,56923,29496,0,1
1230,56923,29520,0,1
1231,56923,29544,0,1
1232,56923,29568,0,1
1233,56923,29592,0,1
1234,56923,29616,0,1
1235,56923,29640,0,1
1236,56923,29664,0,1
1237,56923,29688,0,1
1238,56923,29712,0,1
1239,56923,29736,0,1
1240,56923,29760,0,1
1241,56923,29784,0,1
1242,56923,29808,0,1
1243,56923,29832,0,1
1244,56923,29856,0,1
1245,56923,29880,0,1
1246,56923,29904,0,1
1247,56923,29928,0,1
1248,56923,29952,0,1
1249,56923,29976,0,1
1250,56923,30000,0,1
1251,56923,30024,0,1
1252,56923,30048,0,1
1253,56923,30072,0,1
1254,56923,30096,0,1
1255,56923,30120,0,1
1256,56923,30144,0,1
1257,56923,30168,0,1
1258,56923,30192,0,1
1259,56923,30216,0,1
1260,56923,30240,0,1
1261,56923,30264,0,1
1262,56923,30288,0,1
1263,56923,30312,0,1
1264,56923,30336,0,1
1265,56923,30360,0,1
1266,56923,30384,0,1
1267,56923,30408,0,1
1268,56923,30432,0,1
1269,56923,30456,0,1
1270,56923,30480,0,1
1271,56923,30504,0,1
1272,56923,30528,0,1
1273,56923,30552,0,1
1274,56923,30576,0,1
1275,56923,30600,0,1
1276,56923,30624,0,1
1277,56923,30648,0,1
1278,56923,30672,0,1
1279,56923,30696,0,1
1280,56923,30720,0,1
1281,56923,30744,0,1
1282,56923,30768,0,1
1283,56923,30792,0,1
1284,56923,30816,0,1
1285,56923,30840,0,1
1286,56923,30864,0,1
1287,56923,30888,0,1
1288,56923,30912,0,1
1289,56923,30936,0,1
1290,56923,30960,0,1
1291,56923,30984,0,1
1292,56923,31008,0,1
1293,56923,31032,0,1
1294,56923,31056,0,1
1295,56923,31080,0,1
1296,56923,31104,0,1
1297,56923,31128,0,1
1298,56923,31152,0,1
1299,56923,31176,0,1
1300,56923,31200,0,1
1301,56923,31224,0,1
1302,56923,31248,0,1
1303,56923,31272,0,1
1304,56923,31296,0,1
1305,56923,31320,0,1
1306,56923,31344,0,1
1307,56923,31368,0,1
1308,56923,31392,0,1
1309,56923,31416,0,1
1310,56923,31440,0,1
1311,56923,31464,0,1
1312,56923,31488,0,1
1313,56923,31512,0,1
1314,56923,31536,0,1
1315,56923,31560,0,1
1316,56923,31584,0,1
1317,56923,31608,0,1
1318,56923,31632,0,1
1319,56923,31656,0,1
1320,56923,31680,0,1
1321,56923,31704,0,1
1322,56923,31728,0,1
1323,56923,31752,0,1
1324,56923,31776,0,1
1325,56923,31800,0,1
1326,56923,31824,0,1
1327,56923,31848,0,1
1328,56923,31872,0,1
1329,56923,31896,0,1
1330,56923,31920,0,1
1331,56923,31944,0,1
1332,56923,31968,0,1
1333,56923,31992,0,1
1334,56923,32016,0,1
1335,56923,32040,0,1
1336,56923,32064,0,1
1337,56923,32088,0,1
1338,56923,32112,0,1
1339,56923,32136,0,1
1340,56923,32160,0,1
1341,56923,32184,0,1
1342,56923,32208,0,1
1343,56923,32232,0,1
1344,56923,32256,0,1
1345,56923,32280,0,1
1346,56923,32304,0,1
1347,56923,32328,0,1
1348,56923,32352,0,1
1349,56923,32376,1,0
1350,56923,32400,1,0
1351,56923,32424,1,0
1352,56923,32448,0,1
1353,56923,32472,0,1
1354,56923,32496,0,1
1355,56923,32520,0,1
1356,56923,32544,0,1
1357,56923,32568,1,0
1358,56923,32592,1,0
1359,56923,32616,1,0
1360,56923,32640,0,1
1361,56923,32664,0,1
1362,56923,32688,0,1
1363,56923,32712,0,1
1364,56923,32736,0,1
1365,56923,32760,0,1
1366,56923,32784,0,1
1367,56923,32808,0,1
1368,56923,32832,0,1
1369,56923,32856,0,1
1370,56923,32880,0,1
1371,56923,32904,1,0
1372,56923,32928,1,0
1373,56923,32952,1,0
1374,56923,32976,0,1
1375,56923,33000,0,1
1376,56923,33024,0,1
1377,56923,33048,0,1
1378,56923,33072,0,1
1379,56923,33096,0,1
1380,56923,33120,0,1
1381,56923,33144,0,1
1382,56923,33168,0,1
1383,56923,33192,1,0
1384,56923,33216,1,0
1385,56923,33240,0,1
1386,56923,33264,0,1
1387,56923,33288,0,1
1388,56923,33312,0,1
1389,56923,33336,0,1
1390,56923,33360,0,1
1391,56923,33384,0,1
1392,56923,33408,0,1
1393,56923,33432,0,1
1394,56923,33456,0,1
1395,56923,33480,0,1
1396,56923,33504,0,1
1397,56923,33528,0,1
1398,56923,33552,0,1
1399,56923,33576,0,1
1400,56923,33600,0,1
1401,56923,33624,0,1
1402,56923,33648,0,1
1403,56923,33672,0,1
1404,56923,33696,0,1
1405,56923,33720,0,1
1406,56923,33744,0,1
1407,56923,33768,0,1
1408,56923,33792,0,1
1409,56923,33816,0,1
1410,56923,33840,0,1
1411,56923,33864,0,1
1412,56923,33888,0,1
1413,56923,33912,0,1
1414,56923,33936,0,1
1415,56923,33960,0,1
1416,56923,33984,0,1
1417,56923,34008,0,1
1418,56923,34032,0,1
1419,56923,34056,0,1
1420,56923,34080,0,1
1421,56923,34104,0,1
1422,56923,34128,0,1
1423,56923,34152,0,1
1424,56923,34176,0,1
1425,56923,34200,0,1
1426,56923,34224,0,1
1427,56923,34248,0,1
1428,56923,34272,0,1
1429,56923,34296,0,1
1430,56923,34320,0,1
1431,56923,34344,0,1
1432,56923,34368,0,1
1433,56923,34392,0,1
1434,56923,34416,0,1
1435,56923,34440,0,1
1436,56923,34464,0,1
1437,56923,34488,0,1
1438,56923,34512,0,1
1439,56923,34536,0,1
1440,56923,34560,0,1
1441,56923,34584,0,1
1442,56923,34608,0,1
1443,56923,34632,0,1
1444,56923,34656,0,1
1445,56923,34680,0,1
1446,56923,34704,0,1
1447,56923,34728,0,1
1448,56923,34752,0,1
1449,56923,34776,0,1
1450,56923,34800,0,1
1451,56923,34824,0,1
1452,56923,34848,0,1
1453,56923,34872,0,1
1454,56923,34896,0,1
1455,56923,34920,0,1
1456,56923,34944,0,1
1457,56923,34968,0,1
1458,56923,34992,0,1
1459,56923,35016,0,1
1460,56923,35040,0,1
1461,56923,35064,0,1
1462,56923,35088,0,1
1463,56923,35112,0,1
1464,56923,35136,0,1
1465,56923,35160,0,1
1466,56923,35184,0,1
1467,56923,35208,0,1
1468,56923,35232,0,1
1469,56923,35256,0,1
1470,56923,35280,0,1
1471,56923,35304,0,1
1472,56923,35328,0,1
1473,56923,35352,0,1
1474,56923,35376,0,1
1475,56923,35400,0,1
1476,56923,35424,0,1
1477,56923,35448,0,1
1478,56923,35472,0,1
1479,56923,35496,0,1
1480,56923,35520,0,1
1481,56923,35544,0,1
1482,56923,35568,0,1
1483,56923,35592,0,1
1484,56923,35616,0,1
1485,56923,35640,0,1
1486,56923,35664,0,1
1487,56923,35688,0,1
1488,56923,35712,0,1
1489,56923,35736,0,1
1490,56923,35760,0,1
1491,56923,35784,0,1
1492,56923,35808,0,1
1493,56923,35832,0,1
1494,56923,35856,0,1
1495,56923,35880,0,1
1496,56923,35904,0,1
1497,56923,35928,0,1
1498,56923,35952,0,1
1499,56923,35976,0,1
1500,56923,36000,0,1
1501,56923,36024,0,1
1502,56923,36048,0,1
1503,56923,36072,0,1
1504,56923,36096,0,1
1505,56923,36120,0,1
1506,56923,36144,0,1
1507,56923,36168,0,1
1508,56923,36192,0,1
1509,56923,36216,0,1
1510,56923,36240,0,1
1511,56923,36264,0,1
1512,56923,36288,0,1
1513,56923,36312,0,1
1514,56923,36336,0,1
1515,56923,36360,0,1
1516,56923,36384,0,1
1517,56923,36408,0,1
1518,56923,36432,0,1
1519,56923,36456,0,1
1520,56923,36480,0,1
1521,56923,36504,0,1
1522,56923,36528,1,0
1523,56923,36552,0,1
1524,56923,36576,0,1
1525,56923,36600,1,0
1526,56923,36624,0,1
1527,56923,36648,0,1
1528,56923,36672,0,1
1529,56923,36696,0,1
1530,56923,36720,1,0
1531,56923,36744,1,0
1532,56923,36768,1,0
1533,56923,36792,1,0
1534,56923,36816,1,0
1535,56923,36840,1,0
1536,56923,36864,0,1
1537,56923,36888,0,1
1538,56923,36912,0,1
1539,56923,36936,0,1
1540,56923,36960,0,1
1541,56923,36984,0,1
1542,56923,37008,0,1
1543,56923,37032,0,1
1544,56923,37056,0,1
1545,56923,37080,0,1
1546,56923,37104,0,1
1547,56923,37128,0,1
1548,56923,37152,0,1
1549,56923,37176,1,0
1550,56923,37200,1,0
1551,56923,37224,1,0
1552,56923,37248,1,0
1553,56923,37272,0,1
1554,56923,37296,0,1
1555,56923,37320,0,1
1556,56923,37344,0,1
1557,56923,37368,0,1
1558,56923,37392,0,1
1559,56923,37416,0,1
1560,56923,37440,1,0
1561,56923,37464,1,0
1562,56923,37488,1,0
1563,56923,37512,0,1
1564,56923,37536,1,0
1565,56923,37560,1,0
1566,56923,37584,1,0
1567,56923,37608,0,1
1568,56923,37632,0,1
1569,56923,37656,0,1
1570,56923,37680,1,0
1571,56923,37704,1,0
1572,56923,37728,1,0
1573,56923,37752,1,0
1574,56923,37776,0,1
1575,56923,37800,0,1
1576,56923,37824,0,1
1577,56923,37848,0,1
1578,56923,37872,1,0
1579,56923,37896,1,0
1580,56923,37920,1,0
1581,56923,37944,1,0
1582,56923,37968,1,0
1583,56923,37992,1,0
1584,56923,38016,1,0
1585,56923,38040,1,0
1586,56923,38064,0,1
1587,56923,38088,0,1
1588,56923,38112,1,0
1589,56923,38136,1,0
1590,56923,38160,1,0
1591,56923,38184,1,0
1592,56923,38208,1,0
1593,56923,38232,1,0
1594,56923,38256,1,0
1595,56923,38280,1,0
1596,56923,38304,1,0
1597,56923,38328,1,0
1598,56923,38352,1,0
1599,56923,38376,0,1
1600,56923,38400,0,1
1601,56923,38424,0,1
1602,56923,38448,0,1
1603,56923,38472,0,1
1604,56923,38496,0,1
1605,56923,38520,0,1
1606,56923,38544,0,1
1607,56923,38568,0,1
1608,56923,38592,0,1
1609,56923,38616,0,1
1610,56923,38640,0,1
1611,56923,38664,0,1
1612,56923,38688,0,1
1613,56923,38712,0,1
1614,56923,38736,0,1
1615,56923,38760,0,1
1616,56923,38784,0,1
1617,56923,38808,0,1
1618,56923,38832,0,1
1619,56923,38856,0,1
1620,56923,38880,0,1
1621,56923,38904,0,1
1622,56923,38928,0,1
1623,56923,38952,0,1
1624,56923,38976,0,1
1625,56923,39000,0,1
1626,56923,39024,0,1
1627,56923,39048,0,1
1628,56923,39072,0,1
1629,56923,39096,0,1
1630,56923,39120,0,1
1631,56923,39144,0,1
1632,56923,39168,0,1
1633,56923,39192,0,1
1634,56923,39216,0,1
1635,56923,39240,0,1
1636,56923,39264,0,1
1637,56923,39288,1,0
1638,56923,39312,0,1
1639,56923,39336,0,1
1640,56923,39360,0,1
1641,56923,39384,0,1
1642,56923,39408,0,1
1643,56923,39432,0,1
1644,56923,39456,0,1
1645,56923,39480,0,1
1646,56923,39504,0,1
1647,56923,39528,0,1
1648,56923,39552,0,1
1649,56923,39576,0,1
1650,56923,39600,0,1
1651,56923,39624,0,1
1652,56923,39648,0,1
1653,56923,39672,0,1
1654,56923,39696,0,1
1655,56923,39720,0,1
1656,56923,39744,0,1
1657,56923,39768,0,1
1658,56923,39792,0,1
1659,56923,39816,0,1
1660,56923,39840,0,1
1661,56923,39864,0,1
1662,56923,39888,0,1
1663,56923,39912,0,1
1664,56923,39936,0,1
1665,56923,39960,0,1
1666,56923,39984,0,1
1667,56923,40008,0,1
1668,56923,40032,0,1
1669,56923,40056,0,1
1670,56923,40080,0,1
1671,56923,40104,0,1
1672,56923,40128,0,1
1673,56923,40152,0,1
1674,56923,40176,0,1
1675,56923,40200,0,1
1676,56923,40224,0,1
1677,56923,40248,0,1
1678,56923,40272,0,1
1679,56923,40296,0,1
1680,56923,40320,0,1
1681,56923,40344,0,1
1682,56923,40368,0,1
1683,56923,40392,0,1
1684,56923,40416,0,1
1685,56923,40440,0,1
1686,56923,40464,0,1
1687,56923,40488,0,1
1688,56923,40512,0,1
1689,56923,40536,0,1
1690,56923,40560,0,1
1691,56923,40584,0,1
1692,56923,40608,0,1
1693,56923,40632,0,1
1694,56923,40656,0,1
1695,56923,40680,0,1
1696,56923,40704,0,1
1697,56923,40728,0,1
1698,56923,40752,0,1
1699,56923,40776,0,1
1700,56923,40800,0,1
1701,56923,40824,0,1
1702,56923,40848,0,1
1703,56923,40872,0,1
1704,56923,40896,0,1
1705,56923,40920,0,1
1706,56923,40944,0,1
1707,56923,40968,0,1
1708,56923,40992,0,1
1709,56923,41016,0,1
1710,56923,41040,0,1
1711,56923,41064,0,1
1712,56923,41088,0,1
1713,56923,41112,0,1
1714,56923,41136,0,1
1715,56923,41160,0,1
1716,56923,41184,0,1
1717,56923,41208,0,1
1718,56923,41232,0,1
1719,56923,41256,0,1
1720,56923,41280,0,1
1721,56923,41304,0,1
1722,56923,41328,0,1
1723,56923,41352,0,1
1724,56923,41376,0,1
1725,56923,41400,0,1
1726,56923,41424,0,1
1727,56923,41448,0,1
1728,56923,41472,0,1
1729,56923,41496,0,1
1730,56923,41520,0,1
1731,56923,41544,0,1
1732,56923,41568,0,1
1733,56923,41592,0,1
1734,56923,41616,0,1
1735,56923,41640,0,1
1736,56923,41664,0,1
1737,56923,41688,0,1
1738,56923,41712,0,1
1739,56923,41736,0,1
1740,56923,41760,0,1
1741,56923,41784,0,1
1742,56923,41808,0,1
1743,56923,41832,0,1
1744,56923,41856,0,1
1745,56923,41880,0,1
1746,56923,41904,0,1
1747,56923,41928,0,1
1748,56923,41952,0,1
1749,56923,41976,0,1
1750,56923,42000,0,1
1751,56923,42024,0,1
1752,56923,42048,0,1
1753,56923,42072,0,1
1754,56923,42096,0,1
1755,56923,42120,0,1
1756,56923,42144,0,1
1757,56923,42168,0,1
1758,56923,42192,0,1
1759,56923,42216,0,1
1760,56923,42240,0,1
1761,56923,42264,0,1
1762,56923,42288,0,1
1763,56923,42312,0,1
1764,56923,42336,0,1
1765,56923,42360,0,1
1766,56923,42384,0,1
1767,56923,42408,0,1
1768,56923,42432,0,1
1769,56923,42456,0,1
1770,56923,42480,0,1
1771,56923,42504,0,1
1772,56923,42528,0,1
1773,56923,42552,0,1
1774,56923,42576,0,1
1775,56923,42600,0,1
1776,56923,42624,0,1
1777,56923,42648,0,1
1778,56923,42672,0,1
1779,56923,42696,0,1
1780,56923,42720,0,1
1781,56923,42744,0,1
1782,56923,42768,0,1
1783,56923,42792,0,1
1784,56923,42816,0,1
1785,56923,42840,0,1
1786,56923,42864,0,1
1787,56923,42888,0,1
1788,56923,42912,0,1
1789,56923,42936,0,1
1790,56923,42960,0,1
1791,56923,42984,0,1
1792,56923,43008,0,1
1793,56923,43032,0,1
1794,56923,43056,0,1
1795,56923,43080,0,1
1796,56923,43104,0,1
1797,56923,43128,0,1
1798,56923,43152,0,1
1799,56923,43176,0,1
1800,56923,43200,0,1
1801,56923,43224,0,1
1802,56923,43248,0,1
1803,56923,43272,0,1
1804,56923,43296,0,1
1805,56923,43320,0,1
1806,56923,43344,0,1
1807,56923,43368,0,1
1808,56923,43392,0,1
1809,56923,43416,0,1
1810,56923,43440,0,1
1811,56923,43464,0,1
1812,56923,43488,0,1
1813,56923,43512,0,1
1814,56923,43536,0,1
1815,56923,43560,0,1
1816,56923,43584,0,1
1817,56923,43608,0,1
1818,56923,43632,0,1
1819,56923,43656,0,1
1820,56923,43680,0,1
1821,56923,43704,0,1
1822,56923,43728,0,1
1823,56923,43752,0,1
1824,56923,43776,0,1
1825,56923,43800,0,1
1826,56923,43824,0,1
1827,56923,43848,0,1
1828,56923,43872,0,1
1829,56923,43896,0,1
1830,56923,43920,0,1
1831,56923,43944,0,1
1832,56923,43968,0,1
1833,56923,43992,0,1
1834,56923,44016,0,1
1835,56923,44040,0,1
1836,56923,44064,0,1
1837,56923,44088,0,1
1838,56923,44112,0,1
1839,56923,44136,0,1
1840,56923,44160,0,1
1841,56923,44184,0,1
1842,56923,44208,0,1
1843,56923,44232,0,1
1844,56923,44256,0,1
1845,56923,44280,0,1
1846,56923,44304,0,1
1847,56923,44328,0,1
1848,56923,44352,0,1
1849,56923,44376,0,1
1850,56923,44400,0,1
1851,56923,44424,0,1
1852,56923,44448,0,1
1853,56923,44472,0,1
1854,56923,44496,0,1
1855,56923,44520,0,1
1856,56923,44544,0,1
1857,56923,44568,0,1
1858,56923,44592,0,1
1859,56923,44616,0,1
1860,56923,44640,0,1
1861,56923,44664,0,1
1862,56923,44688,0,1
1863,56923,44712,0,1
1864,56923,44736,0,1
1865,56923,44760,0,1
1866,56923,44784,0,1
1867,56923,44808,0,1
1868,56923,44832,0,1
1869,56923,44856,0,1
1870,56923,44880,0,1
1871,56923,44904,0,1
1872,56923,44928,0,1
1873,56923,44952,0,1
1874,56923,44976,0,1
1875,56923,45000,0,1
1876,56923,45024,0,1
1877,56923,45048,0,1
1878,56923,45072,0,1
1879,56923,45096,0,1
1880,56923,45120,0,1
1881,56923,45144,0,1
1882,56923,45168,0,1
1883,56923,45192,0,1
1884,56923,45216,0,1
1885,56923,45240,0,1
1886,56923,45264,0,1
1887,56923,45288,0,1
1888,56923,45312,0,1
1889,56923,45336,0,1
1890,56923,45360,0,1
1891,56923,45384,0,1
1892,56923,45408,0,1
1893,56923,45432,0,1
1894,56923,45456,0,1
1895,56923,45480,0,1
1896,56923,45504,0,1
1897,56923,45528,0,1
1898,56923,45552,0,1
1899,56923,45576,0,1
1900,56923,45600,0,1
1901,56923,45624,0,1
1902,56923,45648,0,1
1903,56923,45672,0,1
1904,56923,45696,0,1
1905,56923,45720,0,1
1906,56923,45744,0,1
1907,56923,45768,0,1
1908,56923,45792,0,1
1909,56923,45816,0,1
1910,56923,45840,0,1
1911,56923,45864,0,1
1912,56923,45888,0,1
1913,56923,45912,0,1
1914,56923,45936,0,1
1915,56923,45960,0,1
1916,56923,45984,0,1
1917,56923,46008,0,1
1918,56923,46032,0,1
1919,56923,46056,0,1
1920,56923,46080,0,1
1921,56923,46104,0,1
1922,56923,46128,0,1
1923,56923,46152,0,1
1924,56923,46176,1,0
1925,56923,46200,0,1
1926,56923,46224,0,1
1927,56923,46248,0,1
1928,56923,46272,0,1
1929,56923,46296,0,1
1930,56923,46320,0,1
1931,56923,46344,0,1
1932,56923,46368,0,1
1933,56923,46392,0,1
1934,56923,46416,0,1
1935,56923,46440,0,1
1936,56923,46464,0,1
1937,56923,46488,0,1
1938,56923,46512,0,1
1939,56923,46536,0,1
1940,56923,46560,0,1
1941,56923,46584,0,1
1942,56923,46608,0,1
1943,56923,46632,0,1
1944,56923,46656,0,1
1945,56923,46680,0,1
1946,56923,46704,0,1
1947,56923,46728,0,1
1948,56923,46752,0,1
1949,56923,46776,0,1
1950,56923,46800,0,1
1951,56923,46824,0,1
1952,56923,46848,0,1
1953,56923,46872,0,1
1954,56923,46896,0,1
1955,56923,46920,0,1
1956,56923,46944,0,1
1957,56923,46968,0,1
1958,56923,46992,0,1
1959,56923,47016,0,1
1960,56923,47040,0,1
1961,56923,47064,0,1
1962,56923,47088,0,1
1963,56923,47112,0,1
1964,56923,47136,0,1
1965,56923,47160,0,1
1966,56923,47184,0,1
1967,56923,47208,0,1
1968,56923,47232,0,1
1969,56923,47256,0,1
1970,56923,47280,0,1
1971,56923,47304,0,1
1972,56923,47328,0,1
1973,56923,47352,0,1
1974,56923,47376,0,1
1975,56923,47400,0,1
1976,56923,47424,0,1
1977,56923,47448,0,1
1978,56923,47472,0,1
1979,56923,47496,0,1
1980,56923,47520,0,1
1981,56923,47544,0,1
1982,56923,47568,0,1
1983,56923,47592,0,1
1984,56923,47616,0,1
1985,56923,47640,0,1
1986,56923,47664,0,1
1987,56923,47688,0,1
1988,56923,47712,0,1
1989,56923,47736,0,1
1990,56923,47760,0,1
1991,56923,47784,0,1
1992,56923,47808,0,1
1993,56923,47832,0,1
1994,56923,47856,0,1
1995,56923,47880,0,1
1996,56923,47904,0,1
1997,56923,47928,0,1
1998,56923,47952,0,1
1999,56923,47976,0,1
2000,56923,48000,0,1
2001,56923,48024,0,1
2002,56923,48048,0,1
2003,56923,48072,0,1
2004,56923,48096,0,1
2005,56923,48120,0,1
2006,56923,48144,0,1
2007,56923,48168,0,1
2008,56923,48192,0,1
2009,56923,48216,0,1
2010,56923,48240,0,1
2011,56923,48264,0,1
2012,56923,48288,0,1
2013,56923,48312,0,1
2014,56923,48336,0,1
2015,56923,48360,0,1
2016,56923,48384,0,1
2017,56923,48408,0,1
2018,56923,48432,0,1
2019,56923,48456,0,1
2020,56923,48480,0,1
2021,56923,48504,0,1
2022,56923,48528,1,0
2023,56923,48552,1,0
2024,56923,48576,1,0
2025,56923,48600,1,0
2026,56923,48624,1,0
2027,56923,48648,1,0
2028,56923,48672,1,0
2029,56923,48696,1,0
2030,56923,48720,0,1
2031,56923,48744,1,0
2032,56923,48768,0,1
2033,56923,48792,0,1
2034,56923,48816,0,1
2035,56923,48840,0,1
2036,56923,48864,0,1
2037,56923,48888,0,1
2038,56923,48912,0,1
2039,56923,48936,0,1
2040,56923,48960,0,1
2041,56923,48984,0,1
2042,56923,49008,0,1
2043,56923,49032,0,1
2044,56923,49056,0,1
2045,56923,49080,0,1
2046,56923,49104,0,1
2047,56923,49128,0,1
2048,56923,49152,0,1
2049,56923,49176,0,1
2050,56923,49200,0,1
2051,56923,49224,0,1
2052,56923,49248,0,1
2053,56923,49272,0,1
2054,56923,49296,0,1
2055,56923,49320,0,1
2056,56923,49344,0,1
2057,56923,49368,0,1
2058,56923,49392,0,1
2059,56923,49416,0,1
2060,56923,49440,0,1
2061,56923,49464,0,1
2062,56923,49488,0,1
2063,56923,49512,0,1
2064,56923,49536,0,1
2065,56923,49560,1,0
2066,56923,49584,0,1
2067,56923,49608,0,1
2068,56923,49632,0,1
2069,56923,49656,0,1
2070,56923,49680,0,1
2071,56923,49704,0,1
2072,56923,49728,0,1
2073,56923,49752,0,1
2074,56923,49776,0,1
2075,56923,49800,0,1
2076,56923,49824,0,1
2077,56923,49848,0,1
2078,56923,49872,0,1
2079,56923,49896,0,1
2080,56923,49920,0,1
2081,56923,49944,0,1
2082,56923,49968,0,1
2083,56923,49992,0,1
2084,56923,50016,0,1
2085,56923,50040,0,1
2086,56923,50064,0,1
2087,56923,50088,0,1
2088,56923,50112,0,1
2089,56923,50136,0,1
2090,56923,50160,0,1
2091,56923,50184,0,1
2092,56923,50208,0,1
2093,56923,50232,0,1
2094,56923,50256,0,1
2095,56923,50280,0,1
2096,56923,50304,0,1
2097,56923,50328,0,1
2098,56923,50352,0,1
2099,56923,50376,0,1
2100,56923,50400,0,1
2101,56923,50424,0,1
2102,56923,50448,0,1
2103,56923,50472,0,1
2104,56923,50496,0,1
2105,56923,50520,0,1
2106,56923,50544,0,1
2107,56923,50568,0,1
2108,56923,50592,0,1
2109,56923,50616,0,1
2110,56923,50640,0,1
2111,56923,50664,0,1
2112,56923,50688,0,1
2113,56923,50712,0,1
2114,56923,50736,0,1
2115,56923,50760,0,1
2116,56923,50784,0,1
2117,56923,50808,0,1
2118,56923,50832,0,1
2119,56923,50856,0,1
2120,56923,50880,0,1
2121,56923,50904,0,1
2122,56923,50928,0,1
2123,56923,50952,0,1
2124,56923,50976,0,1
2125,56923,51000,0,1
2126,56923,51024,0,1
2127,56923,51048,0,1
2128,56923,51072,0,1
2129,56923,51096,0,1
2130,56923,51120,0,1
2131,56923,51144,0,1
2132,56923,51168,0,1
2133,56923,51192,0,1
2134,56923,51216,0,1
2135,56923,51240,0,1
2136,56923,51264,0,1
2137,56923,51288,0,1
2138,56923,51312,0,1
2139,56923,51336,0,1
2140,56923,51360,1,0
2141,56923,51384,0,1
2142,56923,51408,0,1
2143,56923,51432,0,1
2144,56923,51456,0,1
2145,56923,51480,0,1
2146,56923,51504,0,1
2147,56923,51528,0,1
2148,56923,51552,0,1
2149,56923,51576,0,1
2150,56923,51600,0,1
2151,56923,51624,0,1
2152,56923,51648,0,1
2153,56923,51672,0,1
2154,56923,51696,0,1
2155,56923,51720,0,1
2156,56923,51744,0,1
2157,56923,51768,0,1
2158,56923,51792,0,1
2159,56923,51816,0,1
2160,56923,51840,0,1
2161,56923,51864,0,1
2162,56923,51888,0,1
2163,56923,51912,0,1
2164,56923,51936,0,1
2165,56923,51960,0,1
2166,56923,51984,0,1
2167,56923,52008,0,1
2168,56923,52032,0,1
2169,56923,52056,0,1
2170,56923,52080,0,1
2171,56923,52104,0,1
2172,56923,52128,0,1
2173,56923,52152,0,1
2174,56923,52176,0,1
2175,56923,52200,0,1
2176,56923,52224,0,1
2177,56923,52248,0,1
2178,56923,52272,0,1
2179,56923,52296,0,1
2180,56923,52320,0,1
2181,56923,52344,0,1
2182,56923,52368,0,1
2183,56923,52392,0,1
2184,56923,52416,0,1
2185,56923,52440,0,1
2186,56923,52464,0,1
2187,56923,52488,0,1
2188,56923,52512,0,1
2189,56923,52536,0,1
2190,56923,52560,0,1
2191,56923,52584,0,1
2192,56923,52608,0,1
2193,56923,52632,0,1
2194,56923,52656,0,1
2195,56923,52680,0,1
2196,56923,52704,0,1
2197,56923,52728,0,1
2198,56923,52752,0,1
2199,56923,52776,0,1
2200,56923,52800,0,1
2201,56923,52824,0,1
2202,56923,52848,0,1
2203,56923,52872,0,1
2204,56923,52896,0,1
2205,56923,52920,0,1
2206,56923,52944,0,1
2207,56923,52968,0,1
2208,56923,52992,0,1
2209,56923,53016,0,1
2210,56923,53040,0,1
2211,56923,53064,0,1
2212,56923,53088,0,1
2213,56923,53112,0,1
2214,56923,53136,0,1
2215,56923,53160,0,1
2216,56923,53184,0,1
2217,56923,53208,0,1
2218,56923,53232,0,1
2219,56923,53256,0,1
2220,56923,53280,0,1
2221,56923,53304,0,1
2222,56923,53328,0,1
2223,56923,53352,0,1
2224,56923,53376,0,1
2225,56923,53400,0,1
2226,56923,53424,0,1
2227,56923,53448,0,1
2228,56923,53472,0,1
2229,56923,53496,0,1
2230,56923,53520,0,1
2231,56923,53544,0,1
2232,56923,53568,0,1
2233,56923,53592,0,1
2234,56923,53616,0,1
2235,56923,53640,0,1
2236,56923,53664,0,1
2237,56923,53688,0,1
2238,56923,53712,0,1
2239,56923,53736,0,1
2240,56923,53760,0,1
2241,56923,53784,0,1
2242,56923,53808,0,1
2243,56923,53832,0,1
2244,56923,53856,0,1
2245,56923,53880,0,1
2246,56923,53904,0,1
2247,56923,53928,0,1
2248,56923,53952,0,1
2249,56923,53976,0,1
2250,56923,54000,0,1
2251,56923,54024,0,1
2252,56923,54048,0,1
2253,56923,54072,0,1
2254,56923,54096,0,1
2255,56923,54120,0,1
2256,56923,54144,0,1
2257,56923,54168,0,1
2258,56923,54192,0,1
2259,56923,54216,0,1
2260,56923,54240,0,1
2261,56923,54264,0,1
2262,56923,54288,0,1
2263,56923,54312,0,1
2264,56923,54336,0,1
2265,56923,54360,0,1
2266,56923,54384,0,1
2267,56923,54408,0,1
2268,56923,54432,0,1
2269,56923,54456,0,1
2270,56923,54480,0,1
2271,56923,54504,0,1
2272,56923,54528,0,1
2273,56923,54552,0,1
2274,56923,54576,0,1
2275,56923,54600,0,1
2276,56923,54624,0,1
2277,56923,54648,0,1
2278,56923,54672,0,1
2279,56923,54696,0,1
2280,56923,54720,0,1
2281,56923,54744,0,1
2282,56923,54768,0,1
2283,56923,54792,0,1
2284,56923,54816,0,1
2285,56923,54840,0,1
2286,56923,54864,0,1
2287,56923,54888,0,1
2288,56923,54912,0,1
2289,56923,54936,0,1
2290,56923,54960,0,1
2291,56923,54984,0,1
2292,56923,55008,0,1
2293,56923,55032,0,1
2294,56923,55056,0,1
2295,56923,55080,0,1
2296,56923,55104,0,1
2297,56923,55128,0,1
2298,56923,55152,0,1
2299,56923,55176,0,1
2300,56923,55200,0,1
2301,56923,55224,0,1
2302,56923,55248,0,1
2303,56923,55272,0,1
2304,56923,55296,0,1
2305,56923,55320,0,1
2306,56923,55344,0,1
2307,56923,55368,0,1
2308,56923,55392,0,1
2309,56923,55416,0,1
2310,56923,55440,0,1
2311,56923,55464,0,1
2312,56923,55488,0,1
2313,56923,55512,0,1
2314,56923,55536,0,1
2315,56923,55560,0,1
2316,56923,55584,0,1
2317,56923,55608,0,1
2318,56923,55632,0,1
2319,56923,55656,1,0
2320,56923,55680,1,0
2321,56923,55704,1,0
2322,56923,55728,0,1
2323,56923,55752,0,1
2324,56923,55776,0,1
2325,56923,55800,0,1
2326,56923,55824,0,1
2327,56923,55848,0,1
2328,56923,55872,0,1
2329,56923,55896,0,1
2330,56923,55920,0,1
2331,56923,55944,0,1
2332,56923,55968,0,1
2333,56923,55992,0,1
2334,56923,56016,0,1
2335,56923,56040,0,1
2336,56923,56064,0,1
2337,56923,56088,0,1
2338,56923,56112,0,1
2339,56923,56136,0,1
2340,56923,56160,0,1
2341,56923,56184,0,1
2342,56923,56208,0,1
2343,56923,56232,0,1
2344,56923,56256,0,1
2345,56923,56280,0,1
2346,56923,56304,0,1
2347,56923,56328,1,0
2348,56923,56352,1,0
2349,56923,56376,1,0
2350,56923,56400,1,0
2351,56923,56424,1,0
2352,56923,56448,1,0
2353,56923,56472,1,0
2354,56923,56496,1,0
2355,56923,56520,1,0
2356,56923,56544,0,1
2357,56923,56568,0,1
2358,56923,56592,0,1
2359,56923,56616,0,1
2360,56923,56640,0,1
2361,56923,56664,0,1
2362,56923,56688,0,1
2363,56923,56712,0,1
2364,56923,56736,1,0
2365,56923,56760,1,0
2366,56923,56784,1,0
2367,56923,56808,1,0
2368,56923,56832,0,1
2369,56923,56856,0,1
2370,56923,56880,0,1
2371,56923,56904,0,1
2372,56923,56928,0,1
2373,56923,56952,0,1
2374,56923,56976,0,1
2375,56923,57000,0,1
2376,56923,57024,0,1
2377,56923,57048,0,1
2378,56923,57072,0,1
2379,56923,57096,1,0
2380,56923,57120,0,1
2381,56923,57144,0,1
2382,56923,57168,0,1
2383,56923,57192,0,1
2384,56923,57216,0,1
2385,56923,57240,0,1
2386,56923,57264,0,1
2387,56923,57288,0,1
2388,56923,57312,0,1
2389,56923,57336,0,1
2390,56923,57360,0,1
2391,56923,57384,0,1
2392,56923,57408,0,1
2393,56923,57432,0,1
2394,56923,57456,0,1
2395,56923,57480,0,1
2396,56923,57504,0,1
2397,56923,57528,0,1
2398,56923,57552,0,1
2399,56923,57576,0,1
2400,56923,57600,0,1
2401,56923,57624,0,1
2402,56923,57648,0,1
2403,56923,57672,0,1
2404,56923,57696,0,1
2405,56923,57720,0,1
2406,56923,57744,0,1
2407,56923,57768,0,1
2408,56923,57792,0,1
2409,56923,57816,0,1
2410,56923,57840,0,1
2411,56923,57864,0,1
2412,56923,57888,0,1
2413,56923,57912,0,1
2414,56923,57936,0,1
2415,56923,57960,0,1
2416,56923,57984,0,1
2417,56923,58008,0,1
2418,56923,58032,0,1
2419,56923,58056,0,1
2420,56923,58080,0,1
2421,56923,58104,0,1
2422,56923,58128,0,1
2423,56923,58152,0,1
2424,56923,58176,0,1
2425,56923,58200,1,0
2426,56923,58224,0,1
2427,56923,58248,0,1
2428,56923,58272,0,1
2429,56923,58296,0,1
2430,56923,58320,1,0
2431,56923,58344,0,1
2432,56923,58368,1,0
2433,56923,58392,0,1
2434,56923,58416,0,1
2435,56923,58440,0,1
2436,56923,58464,0,1
2437,56923,58488,0,1
2438,56923,58512,1,0
2439,56923,58536,1,0
2440,56923,58560,0,1
2441,56923,58584,0,1
2442,56923,58608,0,1
2443,56923,58632,0,1
2444,56923,58656,0,1
2445,56923,58680,0,1
2446,56923,58704,0,1
2447,56923,58728,1,0
2448,56923,58752,0,1
2449,56923,58776,0,1
2450,56923,58800,0,1
2451,56923,58824,0,1
2452,56923,58848,0,1
2453,56923,58872,0,1
2454,56923,58896,0,1
2455,56923,58920,0,1
2456,56923,58944,0,1
2457,56923,58968,0,1
2458,56923,58992,0,1
2459,56923,59016,0,1
2460,56923,59040,0,1
2461,56923,59064,0,1
2462,56923,59088,0,1
2463,56923,59112,0,1
2464,56923,59136,0,1
2465,56923,59160,0,1
2466,56923,59184,0,1
2467,56923,59208,0,1
2468,56923,59232,0,1
2469,56923,59256,1,0
2470,56923,59280,0,1
2471,56923,59304,0,1
2472,56923,59328,0,1
2473,56923,59352,0,1
2474,56923,59376,0,1
2475,56923,59400,0,1
2476,56923,59424,0,1
2477,56923,59448,0,1
2478,56923,59472,0,1
2479,56923,59496,0,1
2480,56923,59520,0,1
2481,56923,59544,1,0
2482,56923,59568,0,1
2483,56923,59592,0,1
2484,56923,59616,0,1
2485,56923,59640,0,1
2486,56923,59664,0,1
2487,56923,59688,0,1
2488,56923,59712,0,1
2489,56923,59736,0,1
2490,56923,59760,0,1
2491,56923,59784,0,1
2492,56923,59808,0,1
2493,56923,59832,0,1
2494,56923,59856,0,1
2495,56923,59880,0,1
2496,56923,59904,0,1
2497,56923,59928,0,1
2498,56923,59952,0,1
2499,56923,59976,0,1
2500,56923,60000,0,1
2501,56923,60024,0,1
2502,56923,60048,0,1
2503,56923,60072,0,1
2504,56923,60096,0,1
2505,56923,60120,0,1
2506,56923,60144,0,1
2507,56923,60168,0,1
2508,56923,60192,0,1
2509,56923,60216,0,1
2510,56923,60240,0,1
2511,56923,60264,0,1
2512,56923,60288,0,1
2513,56923,60312,0,1
2514,56923,60336,0,1
2515,56923,60360,0,1
2516,56923,60384,0,1
2517,56923,60408,0,1
2518,56923,60432,0,1
2519,56923,60456,0,1
2520,56923,60480,0,1
2521,56923,60504,0,1
2522,56923,60528,0,1
2523,56923,60552,0,1
2524,56923,60576,0,1
2525,56923,60600,0,1
2526,56923,60624,0,1
2527,56923,60648,0,1
2528,56923,60672,0,1
2529,56923,60696,0,1
2530,56923,60720,0,1
2531,56923,60744,0,1
2532,56923,60768,0,1
2533,56923,60792,0,1
2534,56923,60816,0,1
2535,56923,60840,0,1
2536,56923,60864,0,1
2537,56923,60888,0,1
2538,56923,60912,0,1
2539,56923,60936,0,1
2540,56923,60960,0,1
2541,56923,60984,0,1
2542,56923,61008,0,1
2543,56923,61032,0,1
2544,56923,61056,0,1
2545,56923,61080,0,1
2546,56923,61104,0,1
2547,56923,61128,0,1
2548,56923,61152,0,1
2549,56923,61176,0,1
2550,56923,61200,0,1
2551,56923,61224,0,1
2552,56923,61248,0,1
2553,56923,61272,0,1
2554,56923,61296,0,1
2555,56923,61320,0,1
2556,56923,61344,0,1
2557,56923,61368,0,1
2558,56923,61392,0,1
2559,56923,61416,0,1
2560,56923,61440,0,1
2561,56923,61464,0,1
2562,56923,61488,0,1
2563,56923,61512,0,1
2564,56923,61536,0,1
2565,56923,61560,0,1
2566,56923,61584,0,1
2567,56923,61608,0,1
2568,56923,61632,0,1
2569,56923,61656,0,1
2570,56923,61680,0,1
2571,56923,61704,0,1
2572,56923,61728,0,1
2573,56923,61752,0,1
2574,56923,61776,0,1
2575,56923,61800,0,1
2576,56923,61824,0,1
2577,56923,61848,0,1
2578,56923,61872,0,1
2579,56923,61896,0,1
2580,56923,61920,0,1
2581,56923,61944,0,1
2582,56923,61968,0,1
2583,56923,61992,0,1
2584,56923,62016,0,1
2585,56923,62040,0,1
2586,56923,62064,0,1
2587,56923,62088,0,1
2588,56923,62112,0,1
2589,56923,62136,0,1
2590,56923,62160,0,1
2591,56923,62184,0,1
2592,56923,62208,0,1
2593,56923,62232,0,1
2594,56923,62256,0,1
2595,56923,62280,0,1
2596,56923,62304,0,1
2597,56923,62328,0,1
2598,56923,62352,0,1
2599,56923,62376,0,1
2600,56923,62400,0,1
2601,56923,62424,0,1
2602,56923,62448,0,1
2603,56923,62472,0,1
2604,56923,62496,0,1
2605,56923,62520,0,1
2606,56923,62544,0,1
2607,56923,62568,0,1
2608,56923,62592,0,1
2609,56923,62616,0,1
2610,56923,62640,0,1
2611,56923,62664,0,1
2612,56923,62688,0,1
2613,56923,62712,0,1
2614,56923,62736,0,1
2615,56923,62760,0,1
2616,56923,62784,0,1
2617,56923,62808,0,1
2618,56923,62832,0,1
2619,56923,62856,0,1
2620,56923,62880,0,1
2621,56923,62904,0,1
2622,56923,62928,0,1
2623,56923,62952,0,1
2624,56923,62976,0,1
2625,56923,63000,0,1
2626,56923,63024,0,1
2627,56923,63048,0,1
2628,56923,63072,0,1
2629,56923,63096,0,1
2630,56923,63120,1,0
2631,56923,63144,1,0
2632,56923,63168,1,0
2633,56923,63192,1,0
2634,56923,63216,1,0
2635,56923,63240,1,0
2636,56923,63264,1,0
2637,56923,63288,1,0
2638,56923,63312,1,0
2639,56923,63336,0,1
2640,56923,63360,0,1
2641,56923,63384,0,1
2642,56923,63408,0,1
2643,56923,63432,0,1
2644,56923,63456,0,1
2645,56923,63480,1,0
2646,56923,63504,1,0
2647,56923,63528,1,0
2648,56923,63552,1,0
2649,56923,63576,0,1
2650,56923,63600,0,1
2651,56923,63624,0,1
2652,56923,63648,0,1
2653,56923,63672,0,1
2654,56923,63696,0,1
2655,56923,63720,0,1
2656,56923,63744,0,1
2657,56923,63768,1,0
2658,56923,63792,0,1
2659,56923,63816,1,0
2660,56923,63840,0,1
2661,56923,63864,0,1
2662,56923,63888,0,1
2663,56923,63912,0,1
2664,56923,63936,0,1
2665,56923,63960,1,0
2666,56923,63984,0,1
2667,56923,64008,0,1
2668,56923,64032,0,1
2669,56923,64056,0,1
2670,56923,64080,0,1
2671,56923,64104,0,1
2672,56923,64128,0,1
2673,56923,64152,0,1
2674,56923,64176,0,1
2675,56923,64200,0,1
2676,56923,64224,0,1
2677,56923,64248,0,1
2678,56923,64272,0,1
2679,56923,64296,0,1
2680,56923,64320,0,1
2681,56923,64344,0,1
2682,56923,64368,0,1
2683,56923,64392,0,1
2684,56923,64416,0,1
2685,56923,64440,0,1
2686,56923,64464,0,1
2687,56923,64488,0,1
2688,56923,64512,0,1
2689,56923,64536,0,1
2690,56923,64560,0,1
2691,56923,64584,0,1
2692,56923,64608,0,1
2693,56923,64632,0,1
2694,56923,64656,0,1
2695,56923,64680,0,1
2696,56923,64704,0,1
2697,56923,64728,0,1
2698,56923,64752,0,1
2699,56923,64776,0,1
2700,56923,64800,0,1
2701,56923,64824,0,1
2702,56923,64848,0,1
2703,56923,64872,0,1
2704,56923,64896,0,1
2705,56923,64920,0,1
2706,56923,64944,0,1
2707,56923,64968,0,1
2708,56923,64992,0,1
2709,56923,65016,0,1
2710,56923,65040,0,1
2711,56923,65064,0,1
2712,56923,65088,0,1
2713,56923,65112,0,1
2714,56923,65136,0,1
2715,56923,65160,0,1
2716,56923,65184,0,1
2717,56923,65208,0,1
2718,56923,65232,0,1
2719,56923,65256,0,1
2720,56923,65280,0,1
2721,56923,65304,0,1
2722,56923,65328,0,1
2723,56923,65352,0,1
2724,56923,65376,0,1
2725,56923,65400,1,0
2726,56923,65424,0,1
2727,56923,65448,1,0
2728,56923,65472,1,0
2729,56923,65496,1,0
2730,56923,65520,1,0
2731,56923,65544,0,1
2732,56923,65568,0,1
2733,56923,65592,0,1
2734,56923,65616,0,1
2735,56923,65640,0,1
2736,56923,65664,0,1
2737,56923,65688,1,0
2738,56923,65712,0,1
2739,56923,65736,0,1
2740,56923,65760,1,0
2741,56923,65784,1,0
2742,56923,65808,1,0
2743,56923,65832,1,0
2744,56923,65856,1,0
2745,56923,65880,0,1
2746,56923,65904,1,0
2747,56923,65928,1,0
2748,56923,65952,1,0
2749,56923,65976,1,0
2750,56923,66000,1,0
2751,56923,66024,1,0
2752,56923,66048,1,0
2753,56923,66072,1,0
2754,56923,66096,1,0
2755,56923,66120,1,0
2756,56923,66144,1,0
2757,56923,66168,1,0
2758,56923,66192,1,0
2759,56923,66216,1,0
2760,56923,66240,1,0
2761,56923,66264,1,0
2762,56923,66288,1,0
2763,56923,66312,1,0
2764,56923,66336,1,0
2765,56923,66360,1,0
2766,56923,66384,1,0
2767,56923,66408,1,0
2768,56923,66432,1,0
2769,56923,66456,1,0
2770,56923,66480,1,0
2771,56923,66504,1,0
2772,56923,66528,1,0
2773,56923,66552,1,0
2774,56923,66576,1,0
2775,56923,66600,1,0
2776,56923,66624,1,0
2777,56923,66648,1,0
2778,56923,66672,1,0
2779,56923,66696,1,0
2780,56923,66720,1,0
2781,56923,66744,1,0
2782,56923,66768,1,0
2783,56923,66792,1,0
2784,56923,66816,1,0
2785,56923,66840,1,0
2786,56923,66864,0,1
2787,56923,66888,0,1
2788,56923,66912,0,1
2789,56923,66936,0,1
2790,56923,66960,0,1
2791,56923,66984,0,1
2792,56923,67008,0,1
2793,56923,67032,0,1
2794,56923,67056,0,1
2795,56923,67080,0,1
2796,56923,67104,0,1
2797,56923,67128,0,1
2798,56923,67152,0,1
2799,56923,67176,0,1
2800,56923,67200,0,1
2801,56923,67224,0,1
2802,56923,67248,0,1
2803,56923,67272,0,1
2804,56923,67296,0,1
2805,56923,67320,0,1
2806,56923,67344,0,1
2807,56923,67368,0,1
2808,56923,67392,0,1
2809,56923,67416,0,1
2810,56923,67440,0,1
2811,56923,67464,0,1
2812,56923,67488,0,1
2813,56923,67512,0,1
2814,56923,67536,0,1
2815,56923,67560,0,1
2816,56923,67584,0,1
2817,56923,67608,0,1
2818,56923,67632,0,1
2819,56923,67656,0,1
2820,56923,67680,0,1
2821,56923,67704,1,0
2822,56923,67728,1,0
2823,56923,67752,1,0
2824,56923,67776,1,0
2825,56923,67800,1,0
2826,56923,67824,1,0
2827,56923,67848,1,0
2828,56923,67872,1,0
2829,56923,67896,1,0
2830,56923,67920,1,0
2831,56923,67944,1,0
2832,56923,67968,1,0
2833,56923,67992,1,0
2834,56923,68016,1,0
2835,56923,68040,1,0
2836,56923,68064,1,0
2837,56923,68088,1,0
2838,56923,68112,1,0
2839,56923,68136,1,0
2840,56923,68160,1,0
2841,56923,68184,1,0
2842,56923,68208,1,0
2843,56923,68232,1,0
2844,56923,68256,0,1
2845,56923,68280,0,1
2846,56923,68304,0,1
2847,56923,68328,0,1
2848,56923,68352,0,1
2849,56923,68376,0,1
2850,56923,68400,0,1
2851,56923,68424,0,1
2852,56923,68448,0,1
2853,56923,68472,0,1
2854,56923,68496,0,1
2855,56923,68520,0,1
2856,56923,68544,0,1
2857,56923,68568,0,1
2858,56923,68592,0,1
2859,56923,68616,0,1
2860,56923,68640,0,1
2861,56923,68664,0,1
2862,56923,68688,0,1
2863,56923,68712,0,1
2864,56923,68736,0,1
2865,56923,68760,0,1
2866,56923,68784,0,1
2867,56923,68808,0,1
2868,56923,68832,1,0
2869,56923,68856,0,1
2870,56923,68880,0,1
2871,56923,68904,0,1
2872,56923,68928,0,1
2873,56923,68952,0,1
2874,56923,68976,0,1
2875,56923,69000,0,1
2876,56923,69024,0,1
2877,56923,69048,0,1
2878,56923,69072,0,1
2879,56923,69096,0,1
2880,56923,69120,0,1
2881,56923,69144,0,1
2882,56923,69168,0,1
2883,56923,69192,0,1
2884,56923,69216,0,1
2885,56923,69240,0,1
2886,56923,69264,0,1
2887,56923,69288,0,1
2888,56923,69312,0,1
2889,56923,69336,0,1
2890,56923,69360,0,1
2891,56923,69384,0,1
2892,56923,69408,0,1
2893,56923,69432,0,1
2894,56923,69456,0,1
2895,56923,69480,0,1
2896,56923,69504,0,1
2897,56923,69528,0,1
2898,56923,69552,0,1
2899,56923,69576,0,1
2900,56923,69600,0,1
2901,56923,69624,0,1
2902,56923,69648,0,1
2903,56923,69672,0,1
2904,56923,69696,0,1
2905,56923,69720,0,1
2906,56923,69744,0,1
2907,56923,69768,0,1
2908,56923,69792,0,1
2909,56923,69816,0,1
2910,56923,69840,0,1
2911,56923,69864,0,1
2912,56923,69888,0,1
2913,56923,69912,0,1
2914,56923,69936,0,1
2915,56923,69960,0,1
2916,56923,69984,0,1
2917,56923,70008,0,1
2918,56923,70032,0,1
2919,56923,70056,0,1
2920,56923,70080,1,0
2921,56923,70104,1,0
2922,56923,70128,1,0
2923,56923,70152,0,1
2924,56923,70176,0,1
2925,56923,70200,0,1
2926,56923,70224,0,1
2927,56923,70248,0,1
2928,56923,70272,0,1
2929,56923,70296,0,1
2930,56923,70320,0,1
2931,56923,70344,1,0
2932,56923,70368,0,1
2933,56923,70392,0,1
2934,56923,70416,0,1
2935,56923,70440,0,1
2936,56923,70464,0,1
2937,56923,70488,0,1
2938,56923,70512,0,1
2939,56923,70536,0,1
2940,56923,70560,0,1
2941,56923,70584,0,1
2942,56923,70608,1,0
2943,56923,70632,1,0
2944,56923,70656,1,0
2945,56923,70680,0,1
2946,56923,70704,0,1
2947,56923,70728,0,1
2948,56923,70752,0,1
2949,56923,70776,0,1
2950,56923,70800,1,0
2951,56923,70824,1,0
2952,56923,70848,0,1
2953,56923,70872,0,1
2954,56923,70896,1,0
2955,56923,70920,1,0
2956,56923,70944,1,0
2957,56923,70968,0,1
2958,56923,70992,0,1
2959,56923,71016,0,1
2960,56923,71040,0,1
2961,56923,71064,1,0
2962,56923,71088,0,1
2963,56923,71112,0,1
2964,56923,71136,0,1
2965,56923,71160,0,1
2966,56923,71184,0,1
2967,56923,71208,1,0
2968,56923,71232,1,0
2969,56923,71256,0,1
2970,56923,71280,0,1
2971,56923,71304,0,1
2972,56923,71328,0,1
2973,56923,71352,1,0
2974,56923,71376,1,0
2975,56923,71400,0,1
2976,56923,71424,0,1
2977,56923,71448,0,1
2978,56923,71472,0,1
2979,56923,71496,0,1
2980,56923,71520,0,1
2981,56923,71544,0,1
2982,56923,71568,0,1
2983,56923,71592,0,1
2984,56923,71616,0,1
2985,56923,71640,0,1
2986,56923,71664,1,0
2987,56923,71688,0,1
2988,56923,71712,0,1
2989,56923,71736,0,1
2990,56923,71760,0,1
2991,56923,71784,0,1
2992,56923,71808,0,1
2993,56923,71832,0,1
2994,56923,71856,0,1
2995,56923,71880,0,1
2996,56923,71904,0,1
2997,56923,71928,0,1
2998,56923,71952,0,1
2999,56923,71976,0,1
3000,56923,72000,0,1
3001,56923,72024,0,1
3002,56923,72048,0,1
3003,56923,72072,0,1
3004,56923,72096,0,1
3005,56923,72120,0,1
3006,56923,72144,0,1
3007,56923,72168,1,0
3008,56923,72192,0,1
3009,56923,72216,0,1
3010,56923,72240,0,1
3011,56923,72264,0,1
3012,56923,72288,0,1
3013,56923,72312,0,1
3014,56923,72336,1,0
3015,56923,72360,0,1
3016,56923,72384,0,1
3017,56923,72408,0,1
3018,56923,72432,0,1
3019,56923,72456,0,1
3020,56923,72480,0,1
3021,56923,72504,0,1
3022,56923,72528,0,1
3023,56923,72552,0,1
3024,56923,72576,0,1
3025,56923,72600,0,1
3026,56923,72624,0,1
3027,56923,72648,0,1
3028,56923,72672,0,1
3029,56923,72696,0,1
3030,56923,72720,0,1
3031,56923,72744,0,1
3032,56923,72768,0,1
3033,56923,72792,0,1
3034,56923,72816,0,1
3035,56923,72840,0,1
3036,56923,72864,0,1
3037,56923,72888,0,1
3038,56923,72912,0,1
3039,56923,72936,0,1
3040,56923,72960,0,1
3041,56923,72984,0,1
3042,56923,73008,0,1
3043,56923,73032,0,1
3044,56923,73056,0,1
3045,56923,73080,0,1
3046,56923,73104,0,1
3047,56923,73128,0,1
3048,56923,73152,0,1
3049,56923,73176,0,1
3050,56923,73200,0,1
3051,56923,73224,0,1
3052,56923,73248,0,1
3053,56923,73272,0,1
3054,56923,73296,0,1
3055,56923,73320,0,1
3056,56923,73344,0,1
3057,56923,73368,0,1
3058,56923,73392,0,1
3059,56923,73416,0,1
3060,56923,73440,0,1
3061,56923,73464,0,1
3062,56923,73488,0,1
3063,56923,73512,0,1
3064,56923,73536,0,1
3065,56923,73560,0,1
3066,56923,73584,0,1
3067,56923,73608,0,1
3068,56923,73632,0,1
3069,56923,73656,0,1
3070,56923,73680,0,1
3071,56923,73704,0,1
3072,56923,73728,0,1
3073,56923,73752,0,1
3074,56923,73776,0,1
3075,56923,73800,0,1
3076,56923,73824,0,1
3077,56923,73848,0,1
3078,56923,73872,0,1
3079,56923,73896,0,1
3080,56923,73920,0,1
3081,56923,73944,0,1
3082,56923,73968,0,1
3083,56923,73992,0,1
3084,56923,74016,0,1
3085,56923,74040,0,1
3086,56923,74064,0,1
3087,56923,74088,0,1
3088,56923,74112,0,1
3089,56923,74136,0,1
3090,56923,74160,0,1
3091,56923,74184,0,1
3092,56923,74208,0,1
3093,56923,74232,0,1
3094,56923,74256,0,1
3095,56923,74280,0,1
3096,56923,74304,0,1
3097,56923,74328,0,1
3098,56923,74352,0,1
3099,56923,74376,0,1
3100,56923,74400,0,1
3101,56923,74424,0,1
3102,56923,74448,0,1
3103,56923,74472,0,1
3104,56923,74496,0,1
3105,56923,74520,0,1
3106,56923,74544,0,1
3107,56923,74568,0,1
3108,56923,74592,0,1
3109,56923,74616,0,1
3110,56923,74640,0,1
3111,56923,74664,0,1
3112,56923,74688,1,0
3113,56923,74712,0,1
3114,56923,74736,1,0
3115,56923,74760,1,0
3116,56923,74784,0,1
3117,56923,74808,0,1
3118,56923,74832,0,1
3119,56923,74856,0,1
3120,56923,74880,0,1
3121,56923,74904,0,1
3122,56923,74928,0,1
3123,56923,74952,0,1
3124,56923,74976,0,1
3125,56923,75000,0,1
3126,56923,75024,0,1
3127,56923,75048,0,1
3128,56923,75072,0,1
3129,56923,75096,0,1
3130,56923,75120,0,1
3131,56923,75144,0,1
3132,56923,75168,0,1
3133,56923,75192,0,1
3134,56923,75216,0,1
3135,56923,75240,0,1
3136,56923,75264,0,1
3137,56923,75288,0,1
3138,56923,75312,0,1
3139,56923,75336,0,1
3140,56923,75360,0,1
3141,56923,75384,0,1
3142,56923,75408,0,1
3143,56923,75432,0,1
3144,56923,75456,0,1
3145,56923,75480,0,1
3146,56923,75504,0,1
3147,56923,75528,0,1
3148,56923,75552,0,1
3149,56923,75576,0,1
3150,56923,75600,0,1
3151,56923,75624,0,1
3152,56923,75648,0,1
3153,56923,75672,0,1
3154,56923,75696,0,1
3155,56923,75720,0,1
3156,56923,75744,0,1
3157,56923,75768,0,1
3158,56923,75792,0,1
3159,56923,75816,0,1
3160,56923,75840,0,1
3161,56923,75864,0,1
3162,56923,75888,0,1
3163,56923,75912,0,1
3164,56923,75936,0,1
3165,56923,75960,0,1
3166,56923,75984,0,1
3167,56923,76008,0,1
3168,56923,76032,0,1
3169,56923,76056,0,1
3170,56923,76080,0,1
3171,56923,76104,0,1
3172,56923,76128,0,1
3173,56923,76152,0,1
3174,56923,76176,0,1
3175,56923,76200,0,1
3176,56923,76224,0,1
3177,56923,76248,0,1
3178,56923,76272,1,0
3179,56923,76296,1,0
3180,56923,76320,0,1
3181,56923,76344,0,1
3182,56923,76368,1,0
3183,56923,76392,0,1
3184,56923,76416,0,1
3185,56923,76440,0,1
3186,56923,76464,0,1
3187,56923,76488,0,1
3188,56923,76512,0,1
3189,56923,76536,0,1
3190,56923,76560,0,1
3191,56923,76584,0,1
3192,56923,76608,0,1
3193,56923,76632,0,1
3194,56923,76656,0,1
3195,56923,76680,0,1
3196,56923,76704,0,1
3197,56923,76728,0,1
3198,56923,76752,0,1
3199,56923,76776,0,1
3200,56923,76800,0,1
3201,56923,76824,0,1
3202,56923,76848,0,1
3203,56923,76872,0,1
3204,56923,76896,0,1
3205,56923,76920,0,1
3206,56923,76944,0,1
3207,56923,76968,0,1
3208,56923,76992,0,1
3209,56923,77016,0,1
3210,56923,77040,0,1
3211,56923,77064,0,1
3212,56923,77088,0,1
3213,56923,77112,0,1
3214,56923,77136,0,1
3215,56923,77160,1,0
3216,56923,77184,0,1
3217,56923,77208,0,1
3218,56923,77232,0,1
3219,56923,77256,0,1
3220,56923,77280,1,0
3221,56923,77304,1,0
3222,56923,77328,1,0
3223,56923,77352,1,0
3224,56923,77376,1,0
3225,56923,77400,1,0
3226,56923,77424,1,0
3227,56923,77448,1,0
3228,56923,77472,0,1
3229,56923,77496,1,0
3230,56923,77520,0,1
3231,56923,77544,0,1
3232,56923,77568,0,1
3233,56923,77592,0,1
3234,56923,77616,0,1
3235,56923,77640,0,1
3236,56923,77664,0,1
3237,56923,77688,0,1
3238,56923,77712,1,0
3239,56923,77736,1,0
3240,56923,77760,1,0
3241,56923,77784,1,0
3242,56923,77808,1,0
3243,56923,77832,0,1
3244,56923,77856,0,1
3245,56923,77880,0,1
3246,56923,77904,0,1
3247,56923,77928,0,1
3248,56923,77952,0,1
3249,56923,77976,0,1
3250,56923,78000,1,0
3251,56923,78024,0,1
3252,56923,78048,1,0
3253,56923,78072,0,1
3254,56923,78096,0,1
3255,56923,78120,0,1
3256,56923,78144,0,1
3257,56923,78168,0,1
3258,56923,78192,0,1
3259,56923,78216,0,1
3260,56923,78240,0,1
3261,56923,78264,0,1
3262,56923,78288,0,1
3263,56923,78312,0,1
3264,56923,78336,0,1
3265,56923,78360,0,1
3266,56923,78384,0,1
3267,56923,78408,0,1
3268,56923,78432,0,1
3269,56923,78456,0,1
3270,56923,78480,0,1
3271,56923,78504,0,1
3272,56923,78528,0,1
3273,56923,78552,0,1
3274,56923,78576,0,1
3275,56923,78600,0,1
3276,56923,78624,0,1
3277,56923,78648,0,1
3278,56923,78672,0,1
3279,56923,78696,0,1
3280,56923,78720,0,1
3281,56923,78744,0,1
3282,56923,78768,0,1
3283,56923,78792,0,1
3284,56923,78816,0,1
3285,56923,78840,0,1
3286,56923,78864,0,1
3287,56923,78888,0,1
3288,56923,78912,0,1
3289,56923,78936,0,1
3290,56923,78960,0,1
3291,56923,78984,0,1
3292,56923,79008,0,1
3293,56923,79032,0,1
3294,56923,79056,0,1
3295,56923,79080,0,1
3296,56923,79104,0,1
3297,56923,79128,0,1
3298,56923,79152,0,1
3299,56923,79176,0,1
3300,56923,79200,0,1
3301,56923,79224,0,1
3302,56923,79248,0,1
3303,56923,79272,0,1
3304,56923,79296,1,0
3305,56923,79320,1,0
3306,56923,79344,1,0
3307,56923,79368,0,1
3308,56923,79392,0,1
3309,56923,79416,0,1
3310,56923,79440,0,1
3311,56923,79464,0,1
3312,56923,79488,0,1
3313,56923,79512,0,1
3314,56923,79536,0,1
3315,56923,79560,0,1
3316,56923,79584,0,1
3317,56923,79608,0,1
3318,56923,79632,0,1
3319,56923,79656,0,1
3320,56923,79680,1,0
3321,56923,79704,0,1
3322,56923,79728,0,1
3323,56923,79752,0,1
3324,56923,79776,0,1
3325,56923,79800,0,1
3326,56923,79824,0,1
3327,56923,79848,0,1
3328,56923,79872,0,1
3329,56923,79896,0,1
3330,56923,79920,1,0
3331,56923,79944,1,0
3332,56923,79968,0,1
3333,56923,79992,0,1
3334,56923,80016,0,1
3335,56923,80040,0,1
3336,56923,80064,0,1
3337,56923,80088,0,1
3338,56923,80112,0,1
3339,56923,80136,0,1
3340,56923,80160,1,0
3341,56923,80184,1,0
3342,56923,80208,1,0
3343,56923,80232,0,1
3344,56923,80256,0,1
3345,56923,80280,1,0
3346,56923,80304,0,1
3347,56923,80328,1,0
3348,56923,80352,0,1
3349,56923,80376,1,0
3350,56923,80400,0,1
3351,56923,80424,0,1
3352,56923,80448,0,1
3353,56923,80472,0,1
3354,56923,80496,0,1
3355,56923,80520,0,1
3356,56923,80544,0,1
3357,56923,80568,0,1
3358,56923,80592,0,1
3359,56923,80616,0,1
3360,56923,80640,0,1
3361,56923,80664,0,1
3362,56923,80688,0,1
3363,56923,80712,0,1
3364,56923,80736,0,1
3365,56923,80760,0,1
3366,56923,80784,0,1
3367,56923,80808,0,1
3368,56923,80832,0,1
3369,56923,80856,0,1
3370,56923,80880,0,1
3371,56923,80904,0,1
3372,56923,80928,0,1
3373,56923,80952,0,1
3374,56923,80976,0,1
3375,56923,81000,0,1
3376,56923,81024,0,1
3377,56923,81048,0,1
3378,56923,81072,0,1
3379,56923,81096,0,1
3380,56923,81120,0,1
3381,56923,81144,0,1
3382,56923,81168,0,1
3383,56923,81192,0,1
3384,56923,81216,0,1
3385,56923,81240,0,1
3386,56923,81264,1,0
3387,56923,81288,0,1
3388,56923,81312,0,1
3389,56923,81336,0,1
3390,56923,81360,0,1
3391,56923,81384,1,0
3392,56923,81408,0,1
3393,56923,81432,0,1
3394,56923,81456,0,1
3395,56923,81480,0,1
3396,56923,81504,0,1
3397,56923,81528,0,1
3398,56923,81552,0,1
3399,56923,81576,0,1
3400,56923,81600,0,1
3401,56923,81624,0,1
3402,56923,81648,0,1
3403,56923,81672,0,1
3404,56923,81696,0,1
3405,56923,81720,0,1
3406,56923,81744,0,1
3407,56923,81768,0,1
3408,56923,81792,1,0
3409,56923,81816,0,1
3410,56923,81840,0,1
3411,56923,81864,0,1
3412,56923,81888,0,1
3413,56923,81912,0,1
3414,56923,81936,0,1
3415,56923,81960,0,1
3416,56923,81984,0,1
3417,56923,82008,0,1
3418,56923,82032,0,1
3419,56923,82056,0,1
3420,56923,82080,0,1
3421,56923,82104,0,1
3422,56923,82128,0,1
3423,56923,82152,0,1
3424,56923,82176,0,1
3425,56923,82200,0,1
3426,56923,82224,0,1
3427,56923,82248,0,1
3428,56923,82272,0,1
3429,56923,82296,0,1
3430,56923,82320,0,1
3431,56923,82344,0,1
3432,56923,82368,0,1
3433,56923,82392,0,1
3434,56923,82416,0,1
3435,56923,82440,0,1
3436,56923,82464,0,1
3437,56923,82488,0,1
3438,56923,82512,0,1
3439,56923,82536,0,1
3440,56923,82560,0,1
3441,56923,82584,0,1
3442,56923,82608,0,1
3443,56923,82632,0,1
3444,56923,82656,0,1
3445,56923,82680,0,1
3446,56923,82704,0,1
3447,56923,82728,0,1
3448,56923,82752,0,1
3449,56923,82776,0,1
3450,56923,82800,0,1
3451,56923,82824,0,1
3452,56923,82848,0,1
3453,56923,82872,0,1
3454,56923,82896,0,1
3455,56923,82920,0,1
3456,56923,82944,0,1
3457,56923,82968,0,1
3458,56923,82992,0,1
3459,56923,83016,0,1
3460,56923,83040,0,1
3461,56923,83064,0,1
3462,56923,83088,0,1
3463,56923,83112,0,1
3464,56923,83136,0,1
3465,56923,83160,0,1
3466,56923,83184,0,1
3467,56923,83208,0,1
3468,56923,83232,0,1
3469,56923,83256,0,1
3470,56923,83280,0,1
3471,56923,83304,0,1
3472,56923,83328,1,0
3473,56923,83352,0,1
3474,56923,83376,0,1
3475,56923,83400,0,1
3476,56923,83424,0,1
3477,56923,83448,0,1
3478,56923,83472,0,1
3479,56923,83496,0,1
3480,56923,83520,0,1
3481,56923,83544,0,1
3482,56923,83568,0,1
3483,56923,83592,0,1
3484,56923,83616,0,1
3485,56923,83640,0,1
3486,56923,83664,0,1
3487,56923,83688,0,1
3488,56923,83712,0,1
3489,56923,83736,0,1
3490,56923,83760,0,1
3491,56923,83784,0,1
3492,56923,83808,0,1
3493,56923,83832,0,1
3494,56923,83856,0,1
3495,56923,83880,0,1
3496,56923,83904,0,1
3497,56923,83928,0,1
3498,56923,83952,0,1
3499,56923,83976,0,1
3500,56923,84000,0,1
3501,56923,84024,0,1
3502,56923,84048,0,1
3503,56923,84072,0,1
3504,56923,84096,0,1
3505,56923,84120,0,1
3506,56923,84144,0,1
3507,56923,84168,0,1
3508,56923,84192,0,1
3509,56923,84216,0,1
3510,56923,84240,0,1
3511,56923,84264,0,1
3512,56923,84288,0,1
3513,56923,84312,0,1
3514,56923,84336,0,1
3515,56923,84360,0,1
3516,56923,84384,0,1
3517,56923,84408,0,1
3518,56923,84432,1,0
3519,56923,84456,0,1
3520,56923,84480,0,1
3521,56923,84504,0,1
3522,56923,84528,0,1
3523,56923,84552,0,1
3524,56923,84576,0,1
3525,56923,84600,0,1
3526,56923,84624,0,1
3527,56923,84648,0,1
3528,56923,84672,0,1
3529,56923,84696,0,1
3530,56923,84720,0,1
3531,56923,84744,0,1
3532,56923,84768,0,1
3533,56923,84792,0,1
3534,56923,84816,1,0
3535,56923,84840,0,1
3536,56923,84864,0,1
3537,56923,84888,0,1
3538,56923,84912,0,1
3539,56923,84936,0,1
3540,56923,84960,0,1
3541,56923,84984,0,1
3542,56923,85008,0,1
3543,56923,85032,0,1
3544,56923,85056,0,1
3545,56923,85080,0,1
3546,56923,85104,0,1
3547,56923,85128,0,1
3548,56923,85152,0,1
3549,56923,85176,0,1
3550,56923,85200,0,1
3551,56923,85224,0,1
3552,56923,85248,0,1
3553,56923,85272,0,1
3554,56923,85296,0,1
3555,56923,85320,0,1
3556,56923,85344,0,1
3557,56923,85368,0,1
3558,56923,85392,0,1
3559,56923,85416,0,1
3560,56923,85440,0,1
3561,56923,85464,0,1
3562,56923,85488,0,1
3563,56923,85512,0,1
3564,56923,85536,0,1
3565,56923,85560,0,1
3566,56923,85584,0,1
3567,56923,85608,0,1
3568,56923,85632,0,1
3569,56923,85656,0,1
3570,56923,85680,0,1
3571,56923,85704,0,1
3572,56923,85728,0,1
3573,56923,85752,0,1
3574,56923,85776,0,1
3575,56923,85800,0,1
3576,56923,85824,0,1
3577,56923,85848,0,1
3578,56923,85872,0,1
3579,56923,85896,0,1
3580,56923,85920,0,1
3581,56923,85944,0,1
3582,56923,85968,0,1
3583,56923,85992,0,1
3584,56923,86016,0,1
3585,56923,86040,0,1
3586,56923,86064,0,1
3587,56923,86088,0,1
3588,56923,86112,0,1
3589,56923,86136,0,1
3590,56923,86160,0,1
3591,56923,86184,0,1
3592,56923,86208,0,1
3593,56923,86232,0,1
3594,56923,86256,0,1
3595,56923,86280,0,1
3596,56923,86304,0,1
3597,56923,86328,1,0
3598,56923,86352,0,1
3599,56923,86376,0,1
3600,56923,86400,1,0
3601,56923,86424,0,1
3602,56923,86448,0,1
3603,56923,86472,0,1
3604,56923,86496,0,1
3605,56923,86520,0,1
3606,56923,86544,0,1
3607,56923,86568,0,1
3608,56923,86592,0,1
3609,56923,86616,0,1
3610,56923,86640,0,1
3611,56923,86664,0,1
3612,56923,86688,0,1
3613,56923,86712,0,1
3614,56923,86736,0,1
3615,56923,86760,0,1
3616,56923,86784,0,1
3617,56923,86808,0,1
3618,56923,86832,0,1
3619,56923,86856,0,1
3620,56923,86880,0,1
3621,56923,86904,0,1
3622,56923,86928,0,1
3623,56923,86952,0,1
3624,56923,86976,0,1
3625,56923,87000,0,1
3626,56923,87024,0,1
3627,56923,87048,0,1
3628,56923,87072,0,1
3629,56923,87096,0,1
3630,56923,87120,0,1
3631,56923,87144,0,1
3632,56923,87168,0,1
3633,56923,87192,0,1
3634,56923,87216,0,1
3635,56923,87240,0,1
3636,56923,87264,0,1
3637,56923,87288,0,1
3638,56923,87312,1,0
3639,56923,87336,0,1
3640,56923,87360,0,1
3641,56923,87384,0,1
3642,56923,87408,0,1
3643,56923,87432,0,1
3644,56923,87456,0,1
3645,56923,87480,0,1
3646,56923,87504,0,1
3647,56923,87528,0,1
3648,56923,87552,0,1
3649,56923,87576,0,1
3650,56923,87600,0,1
3651,56923,87624,0,1
3652,56923,87648,0,1
3653,56923,87672,0,1
3654,56923,87696,0,1
3655,56923,87720,0,1
3656,56923,87744,0,1
3657,56923,87768,0,1
3658,56923,87792,0,1
3659,56923,87816,0,1
3660,56923,87840,0,1
3661,56923,87864,0,1
3662,56923,87888,0,1
3663,56923,87912,0,1
3664,56923,87936,0,1
3665,56923,87960,0,1
3666,56923,87984,0,1
3667,56923,88008,0,1
3668,56923,88032,0,1
3669,56923,88056,0,1
3670,56923,88080,0,1
3671,56923,88104,0,1
3672,56923,88128,0,1
3673,56923,88152,0,1
3674,56923,88176,0,1
3675,56923,88200,0,1
3676,56923,88224,0,1
3677,56923,88248,0,1
3678,56923,88272,0,1
3679,56923,88296,0,1
3680,56923,88320,0,1
3681,56923,88344,0,1
3682,56923,88368,0,1
3683,56923,88392,0,1
3684,56923,88416,0,1
3685,56923,88440,0,1
3686,56923,88464,0,1
3687,56923,88488,0,1
3688,56923,88512,0,1
3689,56923,88536,0,1
3690,56923,88560,0,1
3691,56923,88584,0,1
3692,56923,88608,0,1
3693,56923,88632,0,1
3694,56923,88656,0,1
3695,56923,88680,0,1
3696,56923,88704,0,1
3697,56923,88728,0,1
3698,56923,88752,0,1
3699,56923,88776,0,1
3700,56923,88800,0,1
3701,56923,88824,0,1
3702,56923,88848,0,1
3703,56923,88872,0,1
3704,56923,88896,0,1
3705,56923,88920,0,1
3706,56923,88944,1,0
3707,56923,88968,0,1
3708,56923,88992,0,1
3709,56923,89016,0,1
3710,56923,89040,0,1
3711,56923,89064,0,1
3712,56923,89088,0,1
3713,56923,89112,0,1
3714,56923,89136,0,1
3715,56923,89160,0,1
3716,56923,89184,0,1
3717,56923,89208,0,1
3718,56923,89232,0,1
3719,56923,89256,0,1
3720,56923,89280,0,1
3721,56923,89304,0,1
3722,56923,89328,0,1
3723,56923,89352,0,1
3724,56923,89376,0,1
3725,56923,89400,0,1
3726,56923,89424,0,1
3727,56923,89448,0,1
3728,56923,89472,0,1
3729,56923,89496,0,1
3730,56923,89520,0,1
3731,56923,89544,0,1
3732,56923,89568,0,1
3733,56923,89592,0,1
3734,56923,89616,0,1
3735,56923,89640,0,1
3736,56923,89664,0,1
3737,56923,89688,0,1
3738,56923,89712,0,1
3739,56923,89736,0,1
3740,56923,89760,0,1
3741,56923,89784,0,1
3742,56923,89808,0,1
3743,56923,89832,0,1
3744,56923,89856,0,1
3745,56923,89880,0,1
3746,56923,89904,0,1
3747,56923,89928,0,1
3748,56923,89952,0,1
3749,56923,89976,0,1
3750,56923,90000,0,1
3751,56923,90024,0,1
3752,56923,90048,0,1
3753,56923,90072,0,1
3754,56923,90096,0,1
3755,56923,90120,0,1
3756,56923,90144,0,1
3757,56923,90168,0,1
3758,56923,90192,0,1
3759,56923,90216,0,1
3760,56923,90240,0,1
3761,56923,90264,0,1
3762,56923,90288,0,1
3763,56923,90312,0,1
3764,56923,90336,0,1
3765,56923,90360,0,1
3766,56923,90384,0,1
3767,56923,90408,0,1
3768,56923,90432,0,1
3769,56923,90456,0,1
3770,56923,90480,0,1
3771,56923,90504,0,1
3772,56923,90528,0,1
3773,56923,90552,0,1
3774,56923,90576,0,1
3775,56923,90600,0,1
3776,56923,90624,0,1
3777,56923,90648,0,1
3778,56923,90672,0,1
3779,56923,90696,0,1
3780,56923,90720,0,1
3781,56923,90744,0,1
3782,56923,90768,0,1
3783,56923,90792,0,1
3784,56923,90816,0,1
3785,56923,90840,0,1
3786,56923,90864,0,1
3787,56923,90888,0,1
3788,56923,90912,0,1
3789,56923,90936,0,1
3790,56923,90960,0,1
3791,56923,90984,0,1
3792,56923,91008,0,1
3793,56923,91032,0,1
3794,56923,91056,0,1
3795,56923,91080,0,1
3796,56923,91104,0,1
3797,56923,91128,0,1
3798,56923,91152,0,1
3799,56923,91176,0,1
3800,56923,91200,0,1
3801,56923,91224,0,1
3802,56923,91248,0,1
3803,56923,91272,0,1
3804,56923,91296,0,1
3805,56923,91320,0,1
3806,56923,91344,0,1
3807,56923,91368,0,1
3808,56923,91392,0,1
3809,56923,91416,0,1
3810,56923,91440,0,1
3811,56923,91464,0,1
3812,56923,91488,0,1
3813,56923,91512,0,1
3814,56923,91536,0,1
3815,56923,91560,0,1
3816,56923,91584,0,1
3817,56923,91608,0,1
3818,56923,91632,0,1
3819,56923,91656,0,1
3820,56923,91680,0,1
3821,56923,91704,0,1
3822,56923,91728,0,1
3823,56923,91752,0,1
3824,56923,91776,0,1
3825,56923,91800,0,1
3826,56923,91824,0,1
3827,56923,91848,0,1
3828,56923,91872,0,1
3829,56923,91896,0,1
3830,56923,91920,0,1
3831,56923,91944,0,1
3832,56923,91968,0,1
3833,56923,91992,0,1
3834,56923,92016,0,1
3835,56923,92040,0,1
3836,56923,92064,0,1
3837,56923,92088,0,1
3838,56923,92112,1,0
3839,56923,92136,0,1
3840,56923,92160,0,1
3841,56923,92184,0,1
3842,56923,92208,0,1
3843,56923,92232,0,1
3844,56923,92256,0,1
3845,56923,92280,0,1
3846,56923,92304,0,1
3847,56923,92328,0,1
3848,56923,92352,0,1
3849,56923,92376,0,1
3850,56923,92400,0,1
3851,56923,92424,0,1
3852,56923,92448,0,1
3853,56923,92472,0,1
3854,56923,92496,0,1
3855,56923,92520,0,1
3856,56923,92544,0,1
3857,56923,92568,0,1
3858,56923,92592,0,1
3859,56923,92616,0,1
3860,56923,92640,0,1
3861,56923,92664,0,1
3862,56923,92688,0,1
3863,56923,92712,0,1
3864,56923,92736,0,1
3865,56923,92760,0,1
3866,56923,92784,0,1
3867,56923,92808,0,1
3868,56923,92832,0,1
3869,56923,92856,0,1
3870,56923,92880,0,1
3871,56923,92904,0,1
3872,56923,92928,0,1
3873,56923,92952,0,1
3874,56923,92976,0,1
3875,56923,93000,0,1
3876,56923,93024,0,1
3877,56923,93048,0,1
3878,56923,93072,0,1
3879,56923,93096,0,1
3880,56923,93120,0,1
3881,56923,93144,0,1
3882,56923,93168,0,1
3883,56923,93192,0,1
3884,56923,93216,0,1
3885,56923,93240,0,1
3886,56923,93264,0,1
3887,56923,93288,0,1
3888,56923,93312,0,1
3889,56923,93336,0,1
3890,56923,93360,0,1
3891,56923,93384,0,1
3892,56923,93408,0,1
3893,56923,93432,0,1
3894,56923,93456,0,1
3895,56923,93480,0,1
3896,56923,93504,0,1
3897,56923,93528,0,1
3898,56923,93552,0,1
3899,56923,93576,0,1
3900,56923,93600,0,1
3901,56923,93624,0,1
3902,56923,93648,0,1
3903,56923,93672,0,1
3904,56923,93696,0,1
3905,56923,93720,0,1
3906,56923,93744,0,1
3907,56923,93768,0,1
3908,56923,93792,0,1
3909,56923,93816,0,1
3910,56923,93840,0,1
3911,56923,93864,0,1
3912,56923,93888,1,0
3913,56923,93912,0,1
3914,56923,93936,0,1
3915,56923,93960,0,1
3916,56923,93984,0,1
3917,56923,94008,0,1
3918,56923,94032,0,1
3919,56923,94056,0,1
3920,56923,94080,0,1
3921,56923,94104,0,1
3922,56923,94128,0,1
3923,56923,94152,0,1
3924,56923,94176,0,1
3925,56923,94200,0,1
3926,56923,94224,0,1
3927,56923,94248,0,1
3928,56923,94272,0,1
3929,56923,94296,0,1
3930,56923,94320,0,1
3931,56923,94344,0,1
3932,56923,94368,0,1
3933,56923,94392,0,1
3934,56923,94416,0,1
3935,56923,94440,0,1
3936,56923,94464,0,1
3937,56923,94488,0,1
3938,56923,94512,0,1
3939,56923,94536,0,1
3940,56923,94560,0,1
3941,56923,94584,0,1
3942,56923,94608,0,1
3943,56923,94632,0,1
3944,56923,94656,0,1
3945,56923,94680,0,1
3946,56923,94704,0,1
3947,56923,94728,0,1
3948,56923,94752,0,1
3949,56923,94776,0,1
3950,56923,94800,0,1
3951,56923,94824,0,1
3952,56923,94848,0,1
3953,56923,94872,0,1
3954,56923,94896,0,1
3955,56923,94920,0,1
3956,56923,94944,0,1
3957,56923,94968,0,1
3958,56923,94992,0,1
3959,56923,95016,0,1
3960,56923,95040,0,1
3961,56923,95064,0,1
3962,56923,95088,0,1
3963,56923,95112,0,1
3964,56923,95136,0,1
3965,56923,95160,0,1
3966,56923,95184,0,1
3967,56923,95208,0,1
3968,56923,95232,0,1
3969,56923,95256,1,0
3970,56923,95280,1,0
3971,56923,95304,0,1
3972,56923,95328,0,1
3973,56923,95352,0,1
3974,56923,95376,0,1
3975,56923,95400,0,1
3976,56923,95424,0,1
3977,56923,95448,0,1
3978,56923,95472,0,1
3979,56923,95496,0,1
3980,56923,95520,0,1
3981,56923,95544,0,1
3982,56923,95568,0,1
3983,56923,95592,0,1
3984,56923,95616,0,1
3985,56923,95640,0,1
3986,56923,95664,0,1
3987,56923,95688,0,1
3988,56923,95712,0,1
3989,56923,95736,0,1
3990,56923,95760,0,1
3991,56923,95784,0,1
3992,56923,95808,0,1
3993,56923,95832,0,1
3994,56923,95856,0,1
3995,56923,95880,0,1
3996,56923,95904,0,1
3997,56923,95928,0,1
3998,56923,95952,0,1
3999,56923,95976,0,1
4000,56923,96000,0,1
4001,56923,96024,0,1
4002,56923,96048,0,1
4003,56923,96072,0,1
4004,56923,96096,0,1
4005,56923,96120,0,1
4006,56923,96144,0,1
4007,56923,96168,0,1
4008,56923,96192,0,1
4009,56923,96216,0,1
4010,56923,96240,0,1
4011,56923,96264,0,1
4012,56923,96288,0,1
4013,56923,96312,0,1
4014,56923,96336,0,1
4015,56923,96360,0,1
4016,56923,96384,0,1
4017,56923,96408,0,1
4018,56923,96432,0,1
4019,56923,96456,0,1
4020,56923,96480,0,1
4021,56923,96504,0,1
4022,56923,96528,0,1
4023,56923,96552,0,1
4024,56923,96576,0,1
4025,56923,96600,0,1
4026,56923,96624,0,1
4027,56923,96648,0,1
4028,56923,96672,0,1
4029,56923,96696,0,1
4030,56923,96720,0,1
4031,56923,96744,0,1
4032,56923,96768,0,1
4033,56923,96792,0,1
4034,56923,96816,0,1
4035,56923,96840,0,1
4036,56923,96864,0,1
4037,56923,96888,0,1
4038,56923,96912,0,1
4039,56923,96936,0,1
4040,56923,96960,0,1
4041,56923,96984,0,1
4042,56923,97008,0,1
4043,56923,97032,0,1
4044,56923,97056,0,1
4045,56923,97080,0,1
4046,56923,97104,0,1
4047,56923,97128,0,1
4048,56923,97152,0,1
4049,56923,97176,1,0
4050,56923,97200,1,0
4051,56923,97224,0,1
4052,56923,97248,0,1
4053,56923,97272,0,1
4054,56923,97296,0,1
4055,56923,97320,0,1
4056,56923,97344,0,1
4057,56923,97368,0,1
4058,56923,97392,0,1
4059,56923,97416,0,1
4060,56923,97440,0,1
4061,56923,97464,0,1
4062,56923,97488,0,1
4063,56923,97512,0,1
4064,56923,97536,0,1
4065,56923,97560,0,1
4066,56923,97584,0,1
4067,56923,97608,0,1
4068,56923,97632,0,1
4069,56923,97656,0,1
4070,56923,97680,0,1
4071,56923,97704,0,1
4072,56923,97728,0,1
4073,56923,97752,0,1
4074,56923,97776,0,1
4075,56923,97800,0,1
4076,56923,97824,0,1
4077,56923,97848,0,1
4078,56923,97872,0,1
4079,56923,97896,0,1
4080,56923,97920,0,1
4081,56923,97944,0,1
4082,56923,97968,0,1
4083,56923,97992,0,1
4084,56923,98016,0,1
4085,56923,98040,0,1
4086,56923,98064,0,1
4087,56923,98088,0,1
4088,56923,98112,0,1
4089,56923,98136,0,1
4090,56923,98160,0,1
4091,56923,98184,0,1
4092,56923,98208,0,1
4093,56923,98232,0,1
4094,56923,98256,0,1
4095,56923,98280,0,1
4096,56923,98304,0,1
4097,56923,98328,0,1
4098,56923,98352,0,1
4099,56923,98376,0,1
4100,56923,98400,0,1
4101,56923,98424,0,1
4102,56923,98448,0,1
4103,56923,98472,0,1
4104,56923,98496,0,1
4105,56923,98520,0,1
4106,56923,98544,0,1
4107,56923,98568,0,1
4108,56923,98592,0,1
4109,56923,98616,0,1
4110,56923,98640,0,1
4111,56923,98664,0,1
4112,56923,98688,0,1
4113,56923,98712,0,1
4114,56923,98736,0,1
4115,56923,98760,0,1
4116,56923,98784,0,1
4117,56923,98808,0,1
4118,56923,98832,0,1
4119,56923,98856,0,1
4120,56923,98880,0,1
4121,56923,98904,0,1
4122,56923,98928,0,1
4123,56923,98952,0,1
4124,56923,98976,0,1
4125,56923,99000,0,1
4126,56923,99024,0,1
4127,56923,99048,0,1
4128,56923,99072,0,1
4129,56923,99096,0,1
4130,56923,99120,0,1
4131,56923,99144,0,1
4132,56923,99168,0,1
4133,56923,99192,0,1
4134,56923,99216,0,1
4135,56923,99240,0,1
4136,56923,99264,0,1
4137,56923,99288,0,1
4138,56923,99312,0,1
4139,56923,99336,0,1
4140,56923,99360,0,1
4141,56923,99384,0,1
4142,56923,99408,0,1
4143,56923,99432,0,1
4144,56923,99456,0,1
4145,56923,99480,0,1
4146,56923,99504,0,1
4147,56923,99528,0,1
4148,56923,99552,0,1
4149,56923,99576,0,1
4150,56923,99600,0,1
4151,56923,99624,0,1
4152,56923,99648,0,1
4153,56923,99672,0,1
4154,56923,99696,0,1
4155,56923,99720,0,1
4156,56923,99744,0,1
4157,56923,99768,0,1
4158,56923,99792,0,1
4159,56923,99816,0,1
4160,56923,99840,0,1
4161,56923,99864,0,1
4162,56923,99888,0,1
4163,56923,99912,0,1
4164,56923,99936,0,1
4165,56923,99960,1,0
4166,56923,99984,1,0
4167,56923,100008,1,0
4168,56923,100032,1,0
4169,56923,100056,1,0
4170,56923,100080,1,0
4171,56923,100104,1,0
4172,56923,100128,1,0
4173,56923,100152,0,1
4174,56923,100176,0,1
4175,56923,100200,1,0
4176,56923,100224,1,0
4177,56923,100248,1,0
4178,56923,100272,0,1
4179,56923,100296,0,1
4180,56923,100320,0,1
4181,56923,100344,0,1
4182,56923,100368,1,0
4183,56923,100392,0,1
4184,56923,100416,1,0
4185,56923,100440,0,1
4186,56923,100464,1,0
4187,56923,100488,0,1
4188,56923,100512,0,1
4189,56923,100536,0,1
4190,56923,100560,0,1
4191,56923,100584,0,1
4192,56923,100608,0,1
4193,56923,100632,0,1
4194,56923,100656,1,0
4195,56923,100680,0,1
4196,56923,100704,0,1
4197,56923,100728,0,1
4198,56923,100752,0,1
4199,56923,100776,0,1
4200,56923,100800,0,1
4201,56923,100824,0,1
4202,56923,100848,0,1
4203,56923,100872,0,1
4204,56923,100896,0,1
4205,56923,100920,1,0
4206,56923,100944,1,0
4207,56923,100968,1,0
4208,56923,100992,1,0
4209,56923,101016,1,0
4210,56923,101040,1,0
4211,56923,101064,1,0
4212,56923,101088,1,0
4213,56923,101112,1,0
4214,56923,101136,1,0
4215,56923,101160,1,0
4216,56923,101184,1,0
4217,56923,101208,1,0
4218,56923,101232,1,0
4219,56923,101256,1,0
4220,56923,101280,1,0
4221,56923,101304,1,0
4222,56923,101328,1,0
4223,56923,101352,0,1
4224,56923,101376,1,0
4225,56923,101400,1,0
4226,56923,101424,0,1
4227,56923,101448,0,1
4228,56923,101472,0,1
4229,56923,101496,1,0
4230,56923,101520,1,0
4231,56923,101544,1,0
4232,56923,101568,1,0
4233,56923,101592,0,1
4234,56923,101616,0,1
4235,56923,101640,0,1
4236,56923,101664,1,0
4237,56923,101688,0,1
4238,56923,101712,0,1
4239,56923,101736,1,0
4240,56923,101760,1,0
4241,56923,101784,0,1
4242,56923,101808,0,1
4243,56923,101832,0,1
4244,56923,101856,0,1
4245,56923,101880,0,1
4246,56923,101904,0,1
4247,56923,101928,0,1
4248,56923,101952,0,1
4249,56923,101976,0,1
4250,56923,102000,0,1
4251,56923,102024,0,1
4252,56923,102048,0,1
4253,56923,102072,0,1
4254,56923,102096,0,1
4255,56923,102120,0,1
4256,56923,102144,0,1
4257,56923,102168,0,1
4258,56923,102192,0,1
4259,56923,102216,0,1
4260,56923,102240,0,1
4261,56923,102264,0,1
4262,56923,102288,0,1
4263,56923,102312,1,0
4264,56923,102336,0,1
4265,56923,102360,0,1
4266,56923,102384,0,1
4267,56923,102408,0,1
4268,56923,102432,0,1
4269,56923,102456,0,1
4270,56923,102480,0,1
4271,56923,102504,0,1
4272,56923,102528,0,1
4273,56923,102552,1,0
4274,56923,102576,1,0
4275,56923,102600,0,1
4276,56923,102624,1,0
4277,56923,102648,0,1
4278,56923,102672,0,1
4279,56923,102696,0,1
4280,56923,102720,0,1
4281,56923,102744,0,1
4282,56923,102768,0,1
4283,56923,102792,0,1
4284,56923,102816,0,1
4285,56923,102840,0,1
4286,56923,102864,0,1
4287,56923,102888,0,1
4288,56923,102912,0,1
4289,56923,102936,0,1
4290,56923,102960,0,1
4291,56923,102984,0,1
4292,56923,103008,0,1
4293,56923,103032,0,1
4294,56923,103056,0,1
4295,56923,103080,0,1
4296,56923,103104,0,1
4297,56923,103128,0,1
4298,56923,103152,0,1
4299,56923,103176,0,1
4300,56923,103200,0,1
4301,56923,103224,0,1
4302,56923,103248,0,1
4303,56923,103272,0,1
4304,56923,103296,0,1
4305,56923,103320,0,1
4306,56923,103344,0,1
4307,56923,103368,0,1
4308,56923,103392,0,1
4309,56923,103416,0,1
4310,56923,103440,0,1
4311,56923,103464,0,1
4312,56923,103488,0,1
4313,56923,103512,0,1
4314,56923,103536,0,1
4315,56923,103560,0,1
4316,56923,103584,0,1
4317,56923,103608,0,1
4318,56923,103632,0,1
4319,56923,103656,0,1
4320,56923,103680,0,1
4321,56923,103704,0,1
4322,56923,103728,0,1
4323,56923,103752,0,1
4324,56923,103776,0,1
4325,56923,103800,0,1
4326,56923,103824,0,1
4327,56923,103848,0,1
4328,56923,103872,0,1
4329,56923,103896,0,1
4330,56923,103920,0,1
4331,56923,103944,0,1
4332,56923,103968,0,1
4333,56923,103992,0,1
4334,56923,104016,0,1
4335,56923,104040,0,1
4336,56923,104064,0,1
4337,56923,104088,0,1
4338,56923,104112,0,1
4339,56923,104136,0,1
4340,56923,104160,0,1
4341,56923,104184,0,1
4342,56923,104208,0,1
4343,56923,104232,0,1
4344,56923,104256,0,1
4345,56923,104280,0,1
4346,56923,104304,0,1
4347,56923,104328,0,1
4348,56923,104352,1,0
4349,56923,104376,0,1
4350,56923,104400,0,1
4351,56923,104424,0,1
4352,56923,104448,0,1
4353,56923,104472,0,1
4354,56923,104496,0,1
4355,56923,104520,0,1
4356,56923,104544,0,1
4357,56923,104568,1,0
4358,56923,104592,0,1
4359,56923,104616,0,1
4360,56923,104640,0,1
4361,56923,104664,0,1
4362,56923,104688,0,1
4363,56923,104712,0,1
4364,56923,104736,0,1
4365,56923,104760,0,1
4366,56923,104784,0,1
4367,56923,104808,0,1
4368,56923,104832,0,1
4369,56923,104856,0,1
4370,56923,104880,0,1
4371,56923,104904,0,1
4372,56923,104928,0,1
4373,56923,104952,0,1
4374,56923,104976,0,1
4375,56923,105000,0,1
4376,56923,105024,0,1
4377,56923,105048,0,1
4378,56923,105072,0,1
4379,56923,105096,0,1
4380,56923,105120,0,1
4381,56923,105144,0,1
4382,56923,105168,0,1
4383,56923,105192,0,1
4384,56923,105216,0,1
4385,56923,105240,0,1
4386,56923,105264,0,1
4387,56923,105288,0,1
4388,56923,105312,0,1
4389,56923,105336,0,1
4390,56923,105360,0,1
4391,56923,105384,0,1
4392,56923,105408,0,1
4393,56923,105432,0,1
4394,56923,105456,0,1
4395,56923,105480,0,1
4396,56923,105504,0,1
4397,56923,105528,0,1
4398,56923,105552,0,1
4399,56923,105576,0,1
4400,56923,105600,0,1
4401,56923,105624,0,1
4402,56923,105648,0,1
4403,56923,105672,0,1
4404,56923,105696,0,1
4405,56923,105720,0,1
4406,56923,105744,0,1
4407,56923,105768,0,1
4408,56923,105792,0,1
4409,56923,105816,0,1
4410,56923,105840,0,1
4411,56923,105864,0,1
4412,56923,105888,0,1
4413,56923,105912,0,1
4414,56923,105936,0,1
4415,56923,105960,0,1
4416,56923,105984,0,1
4417,56923,106008,0,1
4418,56923,106032,0,1
4419,56923,106056,0,1
4420,56923,106080,0,1
4421,56923,106104,0,1
4422,56923,106128,0,1
4423,56923,106152,0,1
4424,56923,106176,0,1
4425,56923,106200,0,1
4426,56923,106224,0,1
4427,56923,106248,0,1
4428,56923,106272,0,1
4429,56923,106296,0,1
4430,56923,106320,0,1
4431,56923,106344,0,1
4432,56923,106368,0,1
4433,56923,106392,0,1
4434,56923,106416,0,1
4435,56923,106440,0,1
4436,56923,106464,0,1
4437,56923,106488,0,1
4438,56923,106512,0,1
4439,56923,106536,0,1
4440,56923,106560,0,1
4441,56923,106584,0,1
4442,56923,106608,0,1
4443,56923,106632,0,1
4444,56923,106656,0,1
4445,56923,106680,0,1
4446,56923,106704,0,1
4447,56923,106728,0,1
4448,56923,106752,0,1
4449,56923,106776,0,1
4450,56923,106800,0,1
4451,56923,106824,0,1
4452,56923,106848,0,1
4453,56923,106872,0,1
4454,56923,106896,0,1
4455,56923,106920,0,1
4456,56923,106944,0,1
4457,56923,106968,0,1
4458,56923,106992,0,1
4459,56923,107016,0,1
4460,56923,107040,0,1
4461,56923,107064,0,1
4462,56923,107088,0,1
4463,56923,107112,0,1
4464,56923,107136,0,1
4465,56923,107160,0,1
4466,56923,107184,0,1
4467,56923,107208,0,1
4468,56923,107232,0,1
4469,56923,107256,0,1
4470,56923,107280,0,1
4471,56923,107304,0,1
4472,56923,107328,0,1
4473,56923,107352,0,1
4474,56923,107376,0,1
4475,56923,107400,0,1
4476,56923,107424,0,1
4477,56923,107448,0,1
4478,56923,107472,0,1
4479,56923,107496,0,1
4480,56923,107520,0,1
4481,56923,107544,0,1
4482,56923,107568,0,1
4483,56923,107592,0,1
4484,56923,107616,0,1
4485,56923,107640,0,1
4486,56923,107664,0,1
4487,56923,107688,0,1
4488,56923,107712,0,1
4489,56923,107736,0,1
4490,56923,107760,0,1
4491,56923,107784,0,1
4492,56923,107808,0,1
4493,56923,107832,0,1
4494,56923,107856,0,1
4495,56923,107880,0,1
4496,56923,107904,0,1
4497,56923,107928,0,1
4498,56923,107952,0,1
4499,56923,107976,0,1
4500,56923,108000,0,1
4501,56923,108024,0,1
4502,56923,108048,0,1
4503,56923,108072,0,1
4504,56923,108096,0,1
4505,56923,108120,0,1
4506,56923,108144,0,1
4507,56923,108168,0,1
4508,56923,108192,0,1
4509,56923,108216,0,1
4510,56923,108240,0,1
4511,56923,108264,0,1
4512,56923,108288,0,1
4513,56923,108312,0,1
4514,56923,108336,0,1
4515,56923,108360,0,1
4516,56923,108384,0,1
4517,56923,108408,0,1
4518,56923,108432,0,1
4519,56923,108456,0,1
4520,56923,108480,0,1
4521,56923,108504,0,1
4522,56923,108528,0,1
4523,56923,108552,0,1
4524,56923,108576,0,1
4525,56923,108600,0,1
4526,56923,108624,0,1
4527,56923,108648,0,1
4528,56923,108672,0,1
4529,56923,108696,0,1
4530,56923,108720,0,1
4531,56923,108744,0,1
4532,56923,108768,0,1
4533,56923,108792,0,1
4534,56923,108816,0,1
4535,56923,108840,0,1
4536,56923,108864,1,0
4537,56923,108888,1,0
4538,56923,108912,1,0
4539,56923,108936,0,1
4540,56923,108960,0,1
4541,56923,108984,0,1
4542,56923,109008,0,1
4543,56923,109032,0,1
4544,56923,109056,0,1
4545,56923,109080,0,1
4546,56923,109104,0,1
4547,56923,109128,0,1
4548,56923,109152,0,1
4549,56923,109176,0,1
4550,56923,109200,0,1
4551,56923,109224,0,1
4552,56923,109248,0,1
4553,56923,109272,0,1
4554,56923,109296,0,1
4555,56923,109320,0,1
4556,56923,109344,0,1
4557,56923,109368,0,1
4558,56923,109392,0,1
4559,56923,109416,0,1
4560,56923,109440,0,1
4561,56923,109464,0,1
4562,56923,109488,0,1
4563,56923,109512,0,1
4564,56923,109536,0,1
4565,56923,109560,0,1
4566,56923,109584,0,1
4567,56923,109608,0,1
4568,56923,109632,0,1
4569,56923,109656,0,1
4570,56923,109680,0,1
4571,56923,109704,0,1
4572,56923,109728,0,1
4573,56923,109752,0,1
4574,56923,109776,0,1
4575,56923,109800,0,1
4576,56923,109824,0,1
4577,56923,109848,0,1
4578,56923,109872,0,1
4579,56923,109896,0,1
4580,56923,109920,0,1
4581,56923,109944,0,1
4582,56923,109968,0,1
4583,56923,109992,0,1
4584,56923,110016,0,1
4585,56923,110040,0,1
4586,56923,110064,0,1
4587,56923,110088,0,1
4588,56923,110112,0,1
4589,56923,110136,0,1
4590,56923,110160,1,0
4591,56923,110184,1,0
4592,56923,110208,1,0
4593,56923,110232,1,0
4594,56923,110256,0,1
4595,56923,110280,1,0
4596,56923,110304,1,0
4597,56923,110328,0,1
4598,56923,110352,1,0
4599,56923,110376,1,0
4600,56923,110400,1,0
4601,56923,110424,1,0
4602,56923,110448,1,0
4603,56923,110472,1,0
4604,56923,110496,1,0
4605,56923,110520,1,0
4606,56923,110544,1,0
4607,56923,110568,0,1
4608,56923,110592,0,1
4609,56923,110616,0,1
4610,56923,110640,0,1
4611,56923,110664,0,1
4612,56923,110688,0,1
4613,56923,110712,0,1
4614,56923,110736,0,1
4615,56923,110760,0,1
4616,56923,110784,0,1
4617,56923,110808,0,1
4618,56923,110832,0,1
4619,56923,110856,0,1
4620,56923,110880,0,1
4621,56923,110904,0,1
4622,56923,110928,0,1
4623,56923,110952,0,1
4624,56923,110976,0,1
4625,56923,111000,0,1
4626,56923,111024,0,1
4627,56923,111048,0,1
4628,56923,111072,0,1
4629,56923,111096,0,1
4630,56923,111120,0,1
4631,56923,111144,0,1
4632,56923,111168,0,1
4633,56923,111192,0,1
4634,56923,111216,0,1
4635,56923,111240,0,1
4636,56923,111264,0,1
4637,56923,111288,0,1
4638,56923,111312,0,1
4639,56923,111336,0,1
4640,56923,111360,0,1
4641,56923,111384,0,1
4642,56923,111408,0,1
4643,56923,111432,0,1
4644,56923,111456,0,1
4645,56923,111480,0,1
4646,56923,111504,0,1
4647,56923,111528,0,1
4648,56923,111552,0,1
4649,56923,111576,0,1
4650,56923,111600,0,1
4651,56923,111624,0,1
4652,56923,111648,0,1
4653,56923,111672,0,1
4654,56923,111696,0,1
4655,56923,111720,0,1
4656,56923,111744,0,1
4657,56923,111768,0,1
4658,56923,111792,0,1
4659,56923,111816,0,1
4660,56923,111840,0,1
4661,56923,111864,0,1
4662,56923,111888,1,0
4663,56923,111912,0,1
4664,56923,111936,0,1
4665,56923,111960,0,1
4666,56923,111984,0,1
4667,56923,112008,0,1
4668,56923,112032,0,1
4669,56923,112056,0,1
4670,56923,112080,0,1
4671,56923,112104,1,0
4672,56923,112128,1,0
4673,56923,112152,0,1
4674,56923,112176,0,1
4675,56923,112200,0,1
4676,56923,112224,0,1
4677,56923,112248,0,1
4678,56923,112272,0,1
4679,56923,112296,0,1
4680,56923,112320,0,1
4681,56923,112344,0,1
4682,56923,112368,0,1
4683,56923,112392,0,1
4684,56923,112416,0,1
4685,56923,112440,0,1
4686,56923,112464,0,1
4687,56923,112488,0,1
4688,56923,112512,0,1
4689,56923,112536,0,1
4690,56923,112560,0,1
4691,56923,112584,0,1
4692,56923,112608,0,1
4693,56923,112632,0,1
4694,56923,112656,0,1
4695,56923,112680,0,1
4696,56923,112704,0,1
4697,56923,112728,0,1
4698,56923,112752,0,1
4699,56923,112776,0,1
4700,56923,112800,0,1
4701,56923,112824,1,0
4702,56923,112848,0,1
4703,56923,112872,0,1
4704,56923,112896,0,1
4705,56923,112920,0,1
4706,56923,112944,0,1
4707,56923,112968,0,1
4708,56923,112992,0,1
4709,56923,113016,0,1
4710,56923,113040,0,1
4711,56923,113064,0,1
4712,56923,113088,0,1
4713,56923,113112,0,1
4714,56923,113136,0,1
4715,56923,113160,0,1
4716,56923,113184,0,1
4717,56923,113208,0,1
4718,56923,113232,0,1
4719,56923,113256,0,1
4720,56923,113280,0,1
4721,56923,113304,0,1
4722,56923,113328,0,1
4723,56923,113352,0,1
4724,56923,113376,0,1
4725,56923,113400,0,1
4726,56923,113424,0,1
4727,56923,113448,0,1
4728,56923,113472,0,1
4729,56923,113496,0,1
4730,56923,113520,0,1
4731,56923,113544,0,1
4732,56923,113568,0,1
4733,56923,113592,0,1
4734,56923,113616,0,1
4735,56923,113640,0,1
4736,56923,113664,0,1
4737,56923,113688,0,1
4738,56923,113712,0,1
4739,56923,113736,0,1
4740,56923,113760,0,1
4741,56923,113784,0,1
4742,56923,113808,0,1
4743,56923,113832,0,1
4744,56923,113856,0,1
4745,56923,113880,0,1
4746,56923,113904,0,1
4747,56923,113928,0,1
4748,56923,113952,0,1
4749,56923,113976,0,1
4750,56923,114000,0,1
4751,56923,114024,0,1
4752,56923,114048,0,1
4753,56923,114072,0,1
4754,56923,114096,0,1
4755,56923,114120,0,1
4756,56923,114144,0,1
4757,56923,114168,0,1
4758,56923,114192,0,1
4759,56923,114216,0,1
4760,56923,114240,0,1
4761,56923,114264,0,1
4762,56923,114288,0,1
4763,56923,114312,0,1
4764,56923,114336,0,1
4765,56923,114360,0,1
4766,56923,114384,0,1
4767,56923,114408,0,1
4768,56923,114432,0,1
4769,56923,114456,0,1
4770,56923,114480,0,1
4771,56923,114504,0,1
4772,56923,114528,0,1
4773,56923,114552,1,0
4774,56923,114576,0,1
4775,56923,114600,0,1
4776,56923,114624,0,1
4777,56923,114648,0,1
4778,56923,114672,0,1
4779,56923,114696,0,1
4780,56923,114720,0,1
4781,56923,114744,0,1
4782,56923,114768,0,1
4783,56923,114792,0,1
4784,56923,114816,0,1
4785,56923,114840,0,1
4786,56923,114864,0,1
4787,56923,114888,0,1
4788,56923,114912,0,1
4789,56923,114936,0,1
4790,56923,114960,0,1
4791,56923,114984,0,1
4792,56923,115008,0,1
4793,56923,115032,0,1
4794,56923,115056,0,1
4795,56923,115080,0,1
4796,56923,115104,0,1
4797,56923,115128,0,1
4798,56923,115152,0,1
4799,56923,115176,0,1
4800,56923,115200,0,1
4801,56923,115224,0,1
4802,56923,115248,0,1
4803,56923,115272,0,1
4804,56923,115296,0,1
4805,56923,115320,0,1
4806,56923,115344,0,1
4807,56923,115368,0,1
4808,56923,115392,0,1
4809,56923,115416,0,1
4810,56923,115440,0,1
4811,56923,115464,0,1
4812,56923,115488,0,1
4813,56923,115512,0,1
4814,56923,115536,0,1
4815,56923,115560,0,1
4816,56923,115584,0,1
4817,56923,115608,0,1
4818,56923,115632,0,1
4819,56923,115656,0,1
4820,56923,115680,0,1
4821,56923,115704,0,1
4822,56923,115728,0,1
4823,56923,115752,0,1
4824,56923,115776,0,1
4825,56923,115800,0,1
4826,56923,115824,0,1
4827,56923,115848,0,1
4828,56923,115872,0,1
4829,56923,115896,0,1
4830,56923,115920,0,1
4831,56923,115944,0,1
4832,56923,115968,0,1
4833,56923,115992,0,1
4834,56923,116016,0,1
4835,56923,116040,0,1
4836,56923,116064,0,1
4837,56923,116088,0,1
4838,56923,116112,0,1
4839,56923,116136,0,1
4840,56923,116160,0,1
4841,56923,116184,0,1
4842,56923,116208,0,1
4843,56923,116232,0,1
4844,56923,116256,0,1
4845,56923,116280,0,1
4846,56923,116304,0,1
4847,56923,116328,0,1
4848,56923,116352,0,1
4849,56923,116376,0,1
4850,56923,116400,0,1
4851,56923,116424,0,1
4852,56923,116448,0,1
4853,56923,116472,0,1
4854,56923,116496,0,1
4855,56923,116520,0,1
4856,56923,116544,0,1
4857,56923,116568,0,1
4858,56923,116592,0,1
4859,56923,116616,0,1
4860,56923,116640,0,1
4861,56923,116664,0,1
4862,56923,116688,0,1
4863,56923,116712,0,1
4864,56923,116736,0,1
4865,56923,116760,0,1
4866,56923,116784,0,1
4867,56923,116808,0,1
4868,56923,116832,0,1
4869,56923,116856,0,1
4870,56923,116880,0,1
4871,56923,116904,0,1
4872,56923,116928,0,1
4873,56923,116952,0,1
4874,56923,116976,0,1
4875,56923,117000,0,1
4876,56923,117024,0,1
4877,56923,117048,0,1
4878,56923,117072,0,1
4879,56923,117096,0,1
4880,56923,117120,0,1
4881,56923,117144,0,1
4882,56923,117168,0,1
4883,56923,117192,0,1
4884,56923,117216,0,1
4885,56923,117240,0,1
4886,56923,117264,0,1
4887,56923,117288,0,1
4888,56923,117312,0,1
4889,56923,117336,0,1
4890,56923,117360,0,1
4891,56923,117384,0,1
4892,56923,117408,0,1
4893,56923,117432,0,1
4894,56923,117456,0,1
4895,56923,117480,0,1
4896,56923,117504,0,1
4897,56923,117528,0,1
4898,56923,117552,0,1
4899,56923,117576,0,1
4900,56923,117600,0,1
4901,56923,117624,0,1
4902,56923,117648,0,1
4903,56923,117672,0,1
4904,56923,117696,0,1
4905,56923,117720,0,1
4906,56923,117744,0,1
4907,56923,117768,0,1
4908,56923,117792,0,1
4909,56923,117816,0,1
4910,56923,117840,0,1
4911,56923,117864,0,1
4912,56923,117888,0,1
4913,56923,117912,0,1
4914,56923,117936,0,1
4915,56923,117960,0,1
4916,56923,117984,0,1
4917,56923,118008,0,1
4918,56923,118032,0,1
4919,56923,118056,0,1
4920,56923,118080,0,1
4921,56923,118104,0,1
4922,56923,118128,0,1
4923,56923,118152,0,1
4924,56923,118176,0,1
4925,56923,118200,0,1
4926,56923,118224,0,1
4927,56923,118248,0,1
4928,56923,118272,0,1
4929,56923,118296,0,1
4930,56923,118320,0,1
4931,56923,118344,0,1
4932,56923,118368,0,1
4933,56923,118392,0,1
4934,56923,118416,0,1
4935,56923,118440,0,1
4936,56923,118464,0,1
4937,56923,118488,0,1
4938,56923,118512,0,1
4939,56923,118536,0,1
4940,56923,118560,0,1
4941,56923,118584,0,1
4942,56923,118608,0,1
4943,56923,118632,0,1
4944,56923,118656,0,1
4945,56923,118680,0,1
4946,56923,118704,0,1
4947,56923,118728,0,1
4948,56923,118752,0,1
4949,56923,118776,0,1
4950,56923,118800,0,1
4951,56923,118824,0,1
4952,56923,118848,0,1
4953,56923,118872,0,1
4954,56923,118896,0,1
4955,56923,118920,0,1
4956,56923,118944,0,1
4957,56923,118968,0,1
4958,56923,118992,0,1
4959,56923,119016,0,1
4960,56923,119040,0,1
4961,56923,119064,0,1
4962,56923,119088,0,1
4963,56923,119112,0,1
4964,56923,119136,0,1
4965,56923,119160,0,1
4966,56923,119184,0,1
4967,56923,119208,0,1
4968,56923,119232,0,1
4969,56923,119256,0,1
4970,56923,119280,0,1
4971,56923,119304,0,1
4972,56923,119328,0,1
4973,56923,119352,0,1
4974,56923,119376,0,1
4975,56923,119400,0,1
4976,56923,119424,0,1
4977,56923,119448,0,1
4978,56923,119472,0,1
4979,56923,119496,0,1
4980,56923,119520,0,1
4981,56923,119544,0,1
4982,56923,119568,0,1
4983,56923,119592,0,1
4984,56923,119616,0,1
4985,56923,119640,0,1
4986,56923,119664,0,1
4987,56923,119688,1,0
4988,56923,119712,0,1
4989,56923,119736,1,0
4990,56923,119760,1,0
4991,56923,119784,1,0
4992,56923,119808,0,1
4993,56923,119832,0,1
4994,56923,119856,0,1
4995,56923,119880,0,1
4996,56923,119904,1,0
4997,56923,119928,1,0
4998,56923,119952,1,0
4999,56923,119976,1,0
5000,56923,120000,1,0
5001,56923,120024,0,1
5002,56923,120048,0,1
5003,56923,120072,0,1
5004,56923,120096,0,1
5005,56923,120120,0,1
5006,56923,120144,0,1
5007,56923,120168,0,1
5008,56923,120192,0,1
5009,56923,120216,0,1
5010,56923,120240,0,1
5011,56923,120264,0,1
5012,56923,120288,0,1
5013,56923,120312,0,1
5014,56923,120336,0,1
5015,56923,120360,0,1
5016,56923,120384,0,1
5017,56923,120408,0,1
5018,56923,120432,0,1
5019,56923,120456,0,1
5020,56923,120480,0,1
5021,56923,120504,0,1
5022,56923,120528,0,1
5023,56923,120552,0,1
5024,56923,120576,0,1
5025,56923,120600,0,1
5026,56923,120624,0,1
5027,56923,120648,0,1
5028,56923,120672,0,1
5029,56923,120696,0,1
5030,56923,120720,0,1
5031,56923,120744,0,1
5032,56923,120768,0,1
5033,56923,120792,0,1
5034,56923,120816,0,1
5035,56923,120840,0,1
5036,56923,120864,0,1
5037,56923,120888,0,1
5038,56923,120912,0,1
5039,56923,120936,0,1
5040,56923,120960,0,1
5041,56923,120984,0,1
5042,56923,121008,0,1
5043,56923,121032,0,1
5044,56923,121056,0,1
5045,56923,121080,0,1
5046,56923,121104,0,1
5047,56923,121128,0,1
5048,56923,121152,0,1
5049,56923,121176,0,1
5050,56923,121200,0,1
5051,56923,121224,1,0
5052,56923,121248,1,0
5053,56923,121272,1,0
5054,56923,121296,1,0
5055,56923,121320,0,1
5056,56923,121344,0,1
5057,56923,121368,0,1
5058,56923,121392,0,1
5059,56923,121416,0,1
5060,56923,121440,0,1
5061,56923,121464,0,1
5062,56923,121488,1,0
5063,56923,121512,1,0
5064,56923,121536,1,0
5065,56923,121560,0,1
5066,56923,121584,0,1
5067,56923,121608,0,1
5068,56923,121632,0,1
5069,56923,121656,0,1
5070,56923,121680,0,1
5071,56923,121704,0,1
5072,56923,121728,0,1
5073,56923,121752,0,1
5074,56923,121776,0,1
5075,56923,121800,0,1
5076,56923,121824,0,1
5077,56923,121848,0,1
5078,56923,121872,0,1
5079,56923,121896,0,1
5080,56923,121920,0,1
5081,56923,121944,0,1
5082,56923,121968,0,1
5083,56923,121992,0,1
5084,56923,122016,0,1
5085,56923,122040,0,1
5086,56923,122064,0,1
5087,56923,122088,0,1
5088,56923,122112,0,1
5089,56923,122136,0,1
5090,56923,122160,0,1
5091,56923,122184,0,1
5092,56923,122208,0,1
5093,56923,122232,0,1
5094,56923,122256,0,1
5095,56923,122280,0,1
5096,56923,122304,0,1
5097,56923,122328,0,1
5098,56923,122352,0,1
5099,56923,122376,0,1
5100,56923,122400,0,1
5101,56923,122424,1,0
5102,56923,122448,0,1
5103,56923,122472,0,1
5104,56923,122496,0,1
5105,56923,122520,0,1
5106,56923,122544,0,1
5107,56923,122568,0,1
5108,56923,122592,0,1
5109,56923,122616,0,1
5110,56923,122640,0,1
5111,56923,122664,0,1
5112,56923,122688,0,1
5113,56923,122712,0,1
5114,56923,122736,0,1
5115,56923,122760,0,1
5116,56923,122784,0,1
5117,56923,122808,0,1
5118,56923,122832,0,1
5119,56923,122856,0,1
5120,56923,122880,0,1
5121,56923,122904,0,1
5122,56923,122928,1,0
5123,56923,122952,0,1
5124,56923,122976,0,1
5125,56923,123000,0,1
5126,56923,123024,0,1
5127,56923,123048,0,1
5128,56923,123072,0,1
5129,56923,123096,0,1
5130,56923,123120,0,1
5131,56923,123144,0,1
5132,56923,123168,0,1
5133,56923,123192,0,1
5134,56923,123216,0,1
5135,56923,123240,0,1
5136,56923,123264,0,1
5137,56923,123288,1,0
5138,56923,123312,0,1
5139,56923,123336,0,1
5140,56923,123360,0,1
5141,56923,123384,0,1
5142,56923,123408,0,1
5143,56923,123432,0,1
5144,56923,123456,0,1
5145,56923,123480,0,1
5146,56923,123504,0,1
5147,56923,123528,0,1
5148,56923,123552,0,1
5149,56923,123576,0,1
5150,56923,123600,0,1
5151,56923,123624,0,1
5152,56923,123648,0,1
5153,56923,123672,0,1
5154,56923,123696,0,1
5155,56923,123720,0,1
5156,56923,123744,0,1
5157,56923,123768,0,1
5158,56923,123792,0,1
5159,56923,123816,0,1
5160,56923,123840,0,1
5161,56923,123864,0,1
5162,56923,123888,0,1
5163,56923,123912,0,1
5164,56923,123936,0,1
5165,56923,123960,0,1
5166,56923,123984,0,1
5167,56923,124008,0,1
5168,56923,124032,0,1
5169,56923,124056,0,1
5170,56923,124080,0,1
5171,56923,124104,0,1
5172,56923,124128,0,1
5173,56923,124152,0,1
5174,56923,124176,0,1
5175,56923,124200,0,1
5176,56923,124224,0,1
5177,56923,124248,0,1
5178,56923,124272,0,1
5179,56923,124296,0,1
5180,56923,124320,0,1
5181,56923,124344,0,1
5182,56923,124368,0,1
5183,56923,124392,0,1
5184,56923,124416,0,1
5185,56923,124440,0,1
5186,56923,124464,0,1
5187,56923,124488,0,1
5188,56923,124512,0,1
5189,56923,124536,0,1
5190,56923,124560,0,1
5191,56923,124584,0,1
5192,56923,124608,0,1
5193,56923,124632,0,1
5194,56923,124656,0,1
5195,56923,124680,0,1
5196,56923,124704,0,1
5197,56923,124728,0,1
5198,56923,124752,0,1
5199,56923,124776,0,1
5200,56923,124800,0,1
5201,56923,124824,0,1
5202,56923,124848,0,1
5203,56923,124872,0,1
5204,56923,124896,0,1
5205,56923,124920,0,1
5206,56923,124944,0,1
5207,56923,124968,0,1
5208,56923,124992,0,1
5209,56923,125016,0,1
5210,56923,125040,0,1
5211,56923,125064,0,1
5212,56923,125088,0,1
5213,56923,125112,0,1
5214,56923,125136,0,1
5215,56923,125160,0,1
5216,56923,125184,0,1
5217,56923,125208,0,1
5218,56923,125232,0,1
5219,56923,125256,0,1
5220,56923,125280,0,1
5221,56923,125304,0,1
5222,56923,125328,0,1
5223,56923,125352,0,1
5224,56923,125376,0,1
5225,56923,125400,0,1
5226,56923,125424,0,1
5227,56923,125448,0,1
5228,56923,125472,1,0
5229,56923,125496,1,0
5230,56923,125520,1,0
5231,56923,125544,0,1
5232,56923,125568,0,1
5233,56923,125592,0,1
5234,56923,125616,1,0
5235,56923,125640,1,0
5236,56923,125664,0,1
5237,56923,125688,0,1
5238,56923,125712,0,1
5239,56923,125736,0,1
5240,56923,125760,0,1
5241,56923,125784,0,1
5242,56923,125808,0,1
5243,56923,125832,0,1
5244,56923,125856,0,1
5245,56923,125880,0,1
5246,56923,125904,0,1
5247,56923,125928,0,1
5248,56923,125952,0,1
5249,56923,125976,0,1
5250,56923,126000,0,1
5251,56923,126024,0,1
5252,56923,126048,0,1
5253,56923,126072,0,1
5254,56923,126096,0,1
5255,56923,126120,0,1
5256,56923,126144,0,1
5257,56923,126168,0,1
5258,56923,126192,0,1
5259,56923,126216,0,1
5260,56923,126240,0,1
5261,56923,126264,0,1
5262,56923,126288,0,1
5263,56923,126312,0,1
5264,56923,126336,0,1
5265,56923,126360,0,1
5266,56923,126384,0,1
5267,56923,126408,0,1
5268,56923,126432,0,1
5269,56923,126456,0,1
5270,56923,126480,0,1
5271,56923,126504,0,1
5272,56923,126528,0,1
5273,56923,126552,0,1
5274,56923,126576,0,1
5275,56923,126600,0,1
5276,56923,126624,1,0
5277,56923,126648,1,0
5278,56923,126672,1,0
5279,56923,126696,0,1
5280,56923,126720,0,1
5281,56923,126744,0,1
5282,56923,126768,0,1
5283,56923,126792,0,1
5284,56923,126816,0,1
5285,56923,126840,0,1
5286,56923,126864,0,1
5287,56923,126888,0,1
5288,56923,126912,0,1
5289,56923,126936,0,1
5290,56923,126960,0,1
5291,56923,126984,1,0
5292,56923,127008,1,0
5293,56923,127032,1,0
5294,56923,127056,1,0
5295,56923,127080,0,1
5296,56923,127104,0,1
5297,56923,127128,1,0
5298,56923,127152,0,1
5299,56923,127176,0,1
5300,56923,127200,1,0
5301,56923,127224,0,1
5302,56923,127248,1,0
5303,56923,127272,1,0
5304,56923,127296,1,0
5305,56923,127320,0,1
5306,56923,127344,1,0
5307,56923,127368,1,0
5308,56923,127392,1,0
5309,56923,127416,1,0
5310,56923,127440,1,0
5311,56923,127464,1,0
5312,56923,127488,0,1
5313,56923,127512,0,1
5314,56923,127536,0,1
5315,56923,127560,1,0
5316,56923,127584,0,1
5317,56923,127608,0,1
5318,56923,127632,1,0
5319,56923,127656,0,1
5320,56923,127680,1,0
5321,56923,127704,1,0
5322,56923,127728,1,0
5323,56923,127752,1,0
5324,56923,127776,1,0
5325,56923,127800,1,0
5326,56923,127824,0,1
5327,56923,127848,0,1
5328,56923,127872,0,1
5329,56923,127896,1,0
5330,56923,127920,0,1
5331,56923,127944,0,1
5332,56923,127968,1,0
5333,56923,127992,1,0
5334,56923,128016,1,0
5335,56923,128040,1,0
5336,56923,128064,1,0
5337,56923,128088,1,0
5338,56923,128112,1,0
5339,56923,128136,1,0
5340,56923,128160,0,1
5341,56923,128184,0,1
5342,56923,128208,0,1
5343,56923,128232,1,0
5344,56923,128256,1,0
5345,56923,128280,1,0
5346,56923,128304,0,1
5347,56923,128328,0,1
5348,56923,128352,0,1
5349,56923,128376,0,1
5350,56923,128400,1,0
5351,56923,128424,0,1
5352,56923,128448,0,1
5353,56923,128472,0,1
5354,56923,128496,0,1
5355,56923,128520,0,1
5356,56923,128544,0,1
5357,56923,128568,0,1
5358,56923,128592,0,1
5359,56923,128616,1,0
5360,56923,128640,0,1
5361,56923,128664,0,1
5362,56923,128688,1,0
5363,56923,128712,0,1
5364,56923,128736,0,1
5365,56923,128760,0,1
5366,56923,128784,0,1
5367,56923,128808,1,0
5368,56923,128832,0,1
5369,56923,128856,0,1
5370,56923,128880,1,0
5371,56923,128904,1,0
5372,56923,128928,0,1
5373,56923,128952,0,1
5374,56923,128976,1,0
5375,56923,129000,0,1
5376,56923,129024,0,1
5377,56923,129048,0,1
5378,56923,129072,1,0
5379,56923,129096,1,0
5380,56923,129120,0,1
5381,56923,129144,1,0
5382,56923,129168,0,1
5383,56923,129192,0,1
5384,56923,129216,0,1
5385,56923,129240,0,1
5386,56923,129264,0,1
5387,56923,129288,1,0
5388,56923,129312,0,1
5389,56923,129336,0,1
5390,56923,129360,0,1
5391,56923,129384,0,1
5392,56923,129408,0,1
5393,56923,129432,0,1
5394,56923,129456,0,1
5395,56923,129480,0,1
5396,56923,129504,0,1
5397,56923,129528,0,1
5398,56923,129552,0,1
5399,56923,129576,1,0
5400,56923,129600,1,0
5401,56923,129624,1,0
5402,56923,129648,1,0
5403,56923,129672,1,0
5404,56923,129696,1,0
5405,56923,129720,0,1
5406,56923,129744,0,1
5407,56923,129768,0,1
5408,56923,129792,0,1
5409,56923,129816,0,1
5410,56923,129840,0,1
5411,56923,129864,0,1
5412,56923,129888,0,1
5413,56923,129912,0,1
5414,56923,129936,0,1
5415,56923,129960,0,1
5416,56923,129984,0,1
5417,56923,130008,1,0
5418,56923,130032,1,0
5419,56923,130056,1,0
5420,56923,130080,1,0
5421,56923,130104,1,0
5422,56923,130128,1,0
5423,56923,130152,1,0
5424,56923,130176,1,0
5425,56923,130200,1,0
5426,56923,130224,1,0
5427,56923,130248,1,0
5428,56923,130272,1,0
5429,56923,130296,1,0
5430,56923,130320,1,0
5431,56923,130344,1,0
5432,56923,130368,1,0
5433,56923,130392,1,0
5434,56923,130416,1,0
5435,56923,130440,0,1
5436,56923,130464,0,1
5437,56923,130488,0,1
5438,56923,130512,0,1
5439,56923,130536,0,1
5440,56923,130560,0,1
5441,56923,130584,0,1
5442,56923,130608,0,1
5443,56923,130632,0,1
5444,56923,130656,1,0
5445,56923,130680,0,1
5446,56923,130704,0,1
5447,56923,130728,1,0
5448,56923,130752,0,1
5449,56923,130776,0,1
5450,56923,130800,0,1
5451,56923,130824,0,1
5452,56923,130848,0,1
5453,56923,130872,0,1
5454,56923,130896,0,1
5455,56923,130920,0,1
5456,56923,130944,0,1
5457,56923,130968,0,1
5458,56923,130992,0,1
5459,56923,131016,0,1
5460,56923,131040,0,1
5461,56923,131064,0,1
5462,56923,131088,0,1
5463,56923,131112,0,1
5464,56923,131136,0,1
5465,56923,131160,0,1
5466,56923,131184,0,1
5467,56923,131208,0,1
5468,56923,131232,0,1
5469,56923,131256,0,1
5470,56923,131280,0,1
5471,56923,131304,0,1
5472,56923,131328,0,1
5473,56923,131352,0,1
5474,56923,131376,0,1
5475,56923,131400,0,1
5476,56923,131424,0,1
5477,56923,131448,0,1
5478,56923,131472,0,1
5479,56923,131496,0,1
5480,56923,131520,0,1
5481,56923,131544,0,1
5482,56923,131568,0,1
5483,56923,131592,0,1
5484,56923,131616,0,1
5485,56923,131640,0,1
5486,56923,131664,0,1
5487,56923,131688,0,1
5488,56923,131712,0,1
5489,56923,131736,0,1
5490,56923,131760,0,1
5491,56923,131784,0,1
5492,56923,131808,0,1
5493,56923,131832,0,1
5494,56923,131856,0,1
5495,56923,131880,0,1
5496,56923,131904,0,1
5497,56923,131928,0,1
5498,56923,131952,0,1
5499,56923,131976,0,1
5500,56923,132000,0,1
5501,56923,132024,0,1
5502,56923,132048,1,0
5503,56923,132072,0,1
5504,56923,132096,1,0
5505,56923,132120,0,1
5506,56923,132144,0,1
5507,56923,132168,0,1
5508,56923,132192,1,0
5509,56923,132216,0,1
5510,56923,132240,1,0
5511,56923,132264,0,1
5512,56923,132288,1,0
5513,56923,132312,1,0
5514,56923,132336,1,0
5515,56923,132360,1,0
5516,56923,132384,1,0
5517,56923,132408,0,1
5518,56923,132432,0,1
5519,56923,132456,0,1
5520,56923,132480,1,0
5521,56923,132504,1,0
5522,56923,132528,0,1
5523,56923,132552,0,1
5524,56923,132576,0,1
5525,56923,132600,0,1
5526,56923,132624,0,1
5527,56923,132648,0,1
5528,56923,132672,0,1
5529,56923,132696,0,1
5530,56923,132720,1,0
5531,56923,132744,1,0
5532,56923,132768,1,0
5533,56923,132792,0,1
5534,56923,132816,1,0
5535,56923,132840,0,1
5536,56923,132864,0,1
5537,56923,132888,0,1
5538,56923,132912,0,1
5539,56923,132936,0,1
5540,56923,132960,0,1
5541,56923,132984,0,1
5542,56923,133008,0,1
5543,56923,133032,0,1
5544,56923,133056,0,1
5545,56923,133080,0,1
5546,56923,133104,0,1
5547,56923,133128,0,1
5548,56923,133152,0,1
5549,56923,133176,0,1
5550,56923,133200,0,1
5551,56923,133224,0,1
5552,56923,133248,0,1
5553,56923,133272,0,1
5554,56923,133296,1,0
5555,56923,133320,1,0
5556,56923,133344,0,1
5557,56923,133368,0,1
5558,56923,133392,0,1
5559,56923,133416,0,1
5560,56923,133440,0,1
5561,56923,133464,0,1
5562,56923,133488,0,1
5563,56923,133512,0,1
5564,56923,133536,0,1
5565,56923,133560,0,1
5566,56923,133584,0,1
5567,56923,133608,0,1
5568,56923,133632,0,1
5569,56923,133656,0,1
5570,56923,133680,1,0
5571,56923,133704,0,1
5572,56923,133728,0,1
5573,56923,133752,0,1
5574,56923,133776,0,1
5575,56923,133800,0,1
5576,56923,133824,0,1
5577,56923,133848,0,1
5578,56923,133872,0,1
5579,56923,133896,0,1
5580,56923,133920,0,1
5581,56923,133944,0,1
5582,56923,133968,0,1
5583,56923,133992,0,1
5584,56923,134016,0,1
5585,56923,134040,0,1
5586,56923,134064,0,1
5587,56923,134088,0,1
5588,56923,134112,0,1
5589,56923,134136,0,1
5590,56923,134160,0,1
5591,56923,134184,0,1
5592,56923,134208,0,1
5593,56923,134232,0,1
5594,56923,134256,0,1
5595,56923,134280,0,1
5596,56923,134304,0,1
5597,56923,134328,0,1
5598,56923,134352,0,1
5599,56923,134376,0,1
5600,56923,134400,0,1
5601,56923,134424,0,1
5602,56923,134448,0,1
5603,56923,134472,0,1
5604,56923,134496,0,1
5605,56923,134520,0,1
5606,56923,134544,0,1
5607,56923,134568,0,1
5608,56923,134592,0,1
5609,56923,134616,0,1
5610,56923,134640,0,1
5611,56923,134664,0,1
5612,56923,134688,0,1
5613,56923,134712,0,1
5614,56923,134736,0,1
5615,56923,134760,0,1
5616,56923,134784,0,1
5617,56923,134808,0,1
5618,56923,134832,0,1
5619,56923,134856,0,1
5620,56923,134880,0,1
5621,56923,134904,0,1
5622,56923,134928,0,1
5623,56923,134952,0,1
5624,56923,134976,0,1
5625,56923,135000,0,1
5626,56923,135024,0,1
5627,56923,135048,0,1
5628,56923,135072,0,1
5629,56923,135096,0,1
5630,56923,135120,0,1
5631,56923,135144,0,1
5632,56923,135168,0,1
5633,56923,135192,1,0
5634,56923,135216,1,0
5635,56923,135240,0,1
5636,56923,135264,0,1
5637,56923,135288,0,1
5638,56923,135312,0,1
5639,56923,135336,0,1
5640,56923,135360,0,1
5641,56923,135384,0,1
5642,56923,135408,0,1
5643,56923,135432,0,1
5644,56923,135456,0,1
5645,56923,135480,0,1
5646,56923,135504,0,1
5647,56923,135528,0,1
5648,56923,135552,0,1
5649,56923,135576,0,1
5650,56923,135600,0,1
5651,56923,135624,0,1
5652,56923,135648,0,1
5653,56923,135672,0,1
5654,56923,135696,0,1
5655,56923,135720,0,1
5656,56923,135744,0,1
5657,56923,135768,0,1
5658,56923,135792,0,1
5659,56923,135816,0,1
5660,56923,135840,0,1
5661,56923,135864,0,1
5662,56923,135888,0,1
5663,56923,135912,0,1
5664,56923,135936,0,1
5665,56923,135960,0,1
5666,56923,135984,0,1
5667,56923,136008,0,1
5668,56923,136032,0,1
5669,56923,136056,0,1
5670,56923,136080,0,1
5671,56923,136104,0,1
5672,56923,136128,0,1
5673,56923,136152,0,1
5674,56923,136176,0,1
5675,56923,136200,0,1
5676,56923,136224,0,1
5677,56923,136248,0,1
5678,56923,136272,0,1
5679,56923,136296,0,1
5680,56923,136320,0,1
5681,56923,136344,0,1
5682,56923,136368,0,1
5683,56923,136392,0,1
5684,56923,136416,0,1
5685,56923,136440,0,1
5686,56923,136464,0,1
5687,56923,136488,0,1
5688,56923,136512,0,1
5689,56923,136536,0,1
5690,56923,136560,0,1
5691,56923,136584,0,1
5692,56923,136608,0,1
5693,56923,136632,0,1
5694,56923,136656,0,1
5695,56923,136680,0,1
5696,56923,136704,0,1
5697,56923,136728,0,1
5698,56923,136752,0,1
5699,56923,136776,0,1
5700,56923,136800,0,1
5701,56923,136824,0,1
5702,56923,136848,0,1
5703,56923,136872,0,1
5704,56923,136896,0,1
5705,56923,136920,0,1
5706,56923,136944,0,1
5707,56923,136968,0,1
5708,56923,136992,0,1
5709,56923,137016,0,1
5710,56923,137040,0,1
5711,56923,137064,0,1
5712,56923,137088,0,1
5713,56923,137112,0,1
5714,56923,137136,0,1
5715,56923,137160,0,1
5716,56923,137184,0,1
5717,56923,137208,0,1
5718,56923,137232,0,1
5719,56923,137256,0,1
5720,56923,137280,0,1
5721,56923,137304,0,1
5722,56923,137328,0,1
5723,56923,137352,0,1
5724,56923,137376,0,1
5725,56923,137400,0,1
5726,56923,137424,0,1
5727,56923,137448,0,1
5728,56923,137472,0,1
5729,56923,137496,0,1
5730,56923,137520,0,1
5731,56923,137544,0,1
5732,56923,137568,0,1
5733,56923,137592,0,1
5734,56923,137616,0,1
5735,56923,137640,0,1
5736,56923,137664,0,1
5737,56923,137688,0,1
5738,56923,137712,0,1
5739,56923,137736,0,1
5740,56923,137760,0,1
5741,56923,137784,0,1
5742,56923,137808,0,1
5743,56923,137832,0,1
5744,56923,137856,0,1
5745,56923,137880,0,1
5746,56923,137904,0,1
5747,56923,137928,0,1
5748,56923,137952,0,1
5749,56923,137976,0,1
5750,56923,138000,0,1
5751,56923,138024,0,1
5752,56923,138048,0,1
5753,56923,138072,0,1
5754,56923,138096,0,1
5755,56923,138120,0,1
5756,56923,138144,0,1
5757,56923,138168,0,1
5758,56923,138192,0,1
5759,56923,138216,0,1
5760,56923,138240,0,1
5761,56923,138264,0,1
5762,56923,138288,0,1
5763,56923,138312,0,1
5764,56923,138336,0,1
5765,56923,138360,0,1
5766,56923,138384,0,1
5767,56923,138408,0,1
5768,56923,138432,0,1
5769,56923,138456,0,1
5770,56923,138480,0,1
5771,56923,138504,0,1
5772,56923,138528,0,1
5773,56923,138552,0,1
5774,56923,138576,0,1
5775,56923,138600,0,1
5776,56923,138624,0,1
5777,56923,138648,0,1
5778,56923,138672,0,1
5779,56923,138696,0,1
5780,56923,138720,0,1
5781,56923,138744,0,1
5782,56923,138768,0,1
5783,56923,138792,0,1
5784,56923,138816,0,1
5785,56923,138840,0,1
5786,56923,138864,0,1
5787,56923,138888,0,1
5788,56923,138912,0,1
5789,56923,138936,0,1
5790,56923,138960,0,1
5791,56923,138984,0,1
5792,56923,139008,0,1
5793,56923,139032,0,1
5794,56923,139056,0,1
5795,56923,139080,0,1
5796,56923,139104,0,1
5797,56923,139128,0,1
5798,56923,139152,0,1
5799,56923,139176,0,1
5800,56923,139200,0,1
5801,56923,139224,0,1
5802,56923,139248,0,1
5803,56923,139272,0,1
5804,56923,139296,0,1
5805,56923,139320,0,1
5806,56923,139344,0,1
5807,56923,139368,0,1
5808,56923,139392,0,1
5809,56923,139416,0,1
5810,56923,139440,0,1
5811,56923,139464,0,1
5812,56923,139488,0,1
5813,56923,139512,0,1
5814,56923,139536,0,1
5815,56923,139560,0,1
5816,56923,139584,0,1
5817,56923,139608,0,1
5818,56923,139632,0,1
5819,56923,139656,0,1
5820,56923,139680,0,1
5821,56923,139704,0,1
5822,56923,139728,0,1
5823,56923,139752,0,1
5824,56923,139776,0,1
5825,56923,139800,0,1
5826,56923,139824,0,1
5827,56923,139848,0,1
5828,56923,139872,0,1
5829,56923,139896,0,1
5830,56923,139920,0,1
5831,56923,139944,0,1
5832,56923,139968,0,1
5833,56923,139992,0,1
5834,56923,140016,0,1
5835,56923,140040,0,1
5836,56923,140064,0,1
5837,56923,140088,0,1
5838,56923,140112,0,1
5839,56923,140136,0,1
5840,56923,140160,0,1
5841,56923,140184,0,1
5842,56923,140208,0,1
5843,56923,140232,0,1
5844,56923,140256,1,0
5845,56923,140280,1,0
5846,56923,140304,1,0
5847,56923,140328,1,0
5848,56923,140352,1,0
5849,56923,140376,1,0
5850,56923,140400,0,1
5851,56923,140424,0,1
5852,56923,140448,0,1
5853,56923,140472,0,1
5854,56923,140496,0,1
5855,56923,140520,0,1
5856,56923,140544,0,1
5857,56923,140568,0,1
5858,56923,140592,0,1
5859,56923,140616,0,1
5860,56923,140640,0,1
5861,56923,140664,0,1
5862,56923,140688,0,1
5863,56923,140712,0,1
5864,56923,140736,0,1
5865,56923,140760,0,1
5866,56923,140784,0,1
5867,56923,140808,0,1
5868,56923,140832,1,0
5869,56923,140856,0,1
5870,56923,140880,0,1
5871,56923,140904,0,1
5872,56923,140928,0,1
5873,56923,140952,0,1
5874,56923,140976,0,1
5875,56923,141000,0,1
5876,56923,141024,0,1
5877,56923,141048,1,0
5878,56923,141072,0,1
5879,56923,141096,0,1
5880,56923,141120,0,1
5881,56923,141144,0,1
5882,56923,141168,0,1
5883,56923,141192,0,1
5884,56923,141216,0,1
5885,56923,141240,0,1
5886,56923,141264,0,1
5887,56923,141288,0,1
5888,56923,141312,0,1
5889,56923,141336,0,1
5890,56923,141360,0,1
5891,56923,141384,0,1
5892,56923,141408,0,1
5893,56923,141432,0,1
5894,56923,141456,0,1
5895,56923,141480,0,1
5896,56923,141504,0,1
5897,56923,141528,0,1
5898,56923,141552,0,1
5899,56923,141576,1,0
5900,56923,141600,0,1
5901,56923,141624,1,0
5902,56923,141648,0,1
5903,56923,141672,1,0
5904,56923,141696,1,0
5905,56923,141720,0,1
5906,56923,141744,0,1
5907,56923,141768,0,1
5908,56923,141792,0,1
5909,56923,141816,0,1
5910,56923,141840,0,1
5911,56923,141864,1,0
5912,56923,141888,1,0
5913,56923,141912,0,1
5914,56923,141936,0,1
5915,56923,141960,0,1
5916,56923,141984,0,1
5917,56923,142008,0,1
5918,56923,142032,1,0
5919,56923,142056,1,0
5920,56923,142080,0,1
5921,56923,142104,0,1
5922,56923,142128,0,1
5923,56923,142152,0,1
5924,56923,142176,0,1
5925,56923,142200,0,1
5926,56923,142224,0,1
5927,56923,142248,0,1
5928,56923,142272,0,1
5929,56923,142296,1,0
5930,56923,142320,1,0
5931,56923,142344,1,0
5932,56923,142368,0,1
5933,56923,142392,0,1
5934,56923,142416,1,0
5935,56923,142440,1,0
5936,56923,142464,0,1
5937,56923,142488,0,1
5938,56923,142512,1,0
5939,56923,142536,0,1
5940,56923,142560,1,0
5941,56923,142584,0,1
5942,56923,142608,1,0
5943,56923,142632,0,1
5944,56923,142656,0,1
5945,56923,142680,0,1
5946,56923,142704,1,0
5947,56923,142728,1,0
5948,56923,142752,0,1
5949,56923,142776,0,1
5950,56923,142800,0,1
5951,56923,142824,0,1
5952,56923,142848,0,1
5953,56923,142872,0,1
5954,56923,142896,0,1
5955,56923,142920,1,0
5956,56923,142944,0,1
5957,56923,142968,0,1
5958,56923,142992,0,1
5959,56923,143016,1,0
5960,56923,143040,1,0
5961,56923,143064,1,0
5962,56923,143088,1,0
5963,56923,143112,0,1
5964,56923,143136,0,1
5965,56923,143160,0,1
5966,56923,143184,1,0
5967,56923,143208,1,0
5968,56923,143232,0,1
5969,56923,143256,0,1
5970,56923,143280,0,1
5971,56923,143304,0,1
5972,56923,143328,0,1
5973,56923,143352,0,1
5974,56923,143376,0,1
5975,56923,143400,0,1
5976,56923,143424,0,1
5977,56923,143448,0,1
5978,56923,143472,1,0
5979,56923,143496,1,0
5980,56923,143520,0,1
5981,56923,143544,0,1
5982,56923,143568,0,1
5983,56923,143592,0,1
5984,56923,143616,1,0
5985,56923,143640,1,0
5986,56923,143664,0,1
5987,56923,143688,0,1
5988,56923,143712,0,1
5989,56923,143736,0,1
5990,56923,143760,0,1
5991,56923,143784,0,1
5992,56923,143808,0,1
5993,56923,143832,1,0
5994,56923,143856,0,1
5995,56923,143880,1,0
5996,56923,143904,1,0
5997,56923,143928,1,0
5998,56923,143952,1,0
5999,56923,143976,1,0
6000,56923,144000,1,0
6001,56923,144024,1,0
6002,56923,144048,0,1
6003,56923,144072,1,0
6004,56923,144096,0,1
6005,56923,144120,0,1
6006,56923,144144,0,1
6007,56923,144168,1,0
6008,56923,144192,1,0
6009,56923,144216,1,0
6010,56923,144240,1,0
6011,56923,144264,0,1
6012,56923,144288,1,0
6013,56923,144312,0,1
6014,56923,144336,0,1
6015,56923,144360,0,1
6016,56923,144384,0,1
6017,56923,144408,0,1
6018,56923,144432,0,1
6019,56923,144456,1,0
6020,56923,144480,1,0
6021,56923,144504,0,1
6022,56923,144528,1,0
6023,56923,144552,1,0
6024,56923,144576,0,1
6025,56923,144600,1,0
6026,56923,144624,1,0
6027,56923,144648,1,0
6028,56923,144672,0,1
6029,56923,144696,0,1
6030,56923,144720,0,1
6031,56923,144744,0,1
6032,56923,144768,0,1
6033,56923,144792,0,1
6034,56923,144816,0,1
6035,56923,144840,0,1
6036,56923,144864,0,1
6037,56923,144888,0,1
6038,56923,144912,0,1
6039,56923,144936,0,1
6040,56923,144960,0,1
6041,56923,144984,0,1
6042,56923,145008,0,1
6043,56923,145032,0,1
6044,56923,145056,0,1
6045,56923,145080,0,1
6046,56923,145104,0,1
6047,56923,145128,0,1
6048,56923,145152,0,1
6049,56923,145176,0,1
6050,56923,145200,0,1
6051,56923,145224,0,1
6052,56923,145248,0,1
6053,56923,145272,0,1
6054,56923,145296,0,1
6055,56923,145320,0,1
6056,56923,145344,0,1
6057,56923,145368,0,1
6058,56923,145392,0,1
6059,56923,145416,0,1
6060,56923,145440,0,1
6061,56923,145464,0,1
6062,56923,145488,0,1
6063,56923,145512,0,1
6064,56923,145536,0,1
6065,56923,145560,0,1
6066,56923,145584,0,1
6067,56923,145608,0,1
6068,56923,145632,0,1
6069,56923,145656,0,1
6070,56923,145680,0,1
6071,56923,145704,0,1
6072,56923,145728,0,1
6073,56923,145752,0,1
6074,56923,145776,0,1
6075,56923,145800,0,1
6076,56923,145824,0,1
6077,56923,145848,0,1
6078,56923,145872,0,1
6079,56923,145896,1,0
6080,56923,145920,0,1
6081,56923,145944,0,1
6082,56923,145968,1,0
6083,56923,145992,1,0
6084,56923,146016,0,1
6085,56923,146040,1,0
6086,56923,146064,1,0
6087,56923,146088,1,0
6088,56923,146112,0,1
6089,56923,146136,0,1
6090,56923,146160,0,1
6091,56923,146184,0,1
6092,56923,146208,0,1
6093,56923,146232,1,0
6094,56923,146256,0,1
6095,56923,146280,0,1
6096,56923,146304,0,1
6097,56923,146328,0,1
6098,56923,146352,0,1
6099,56923,146376,0,1
6100,56923,146400,1,0
6101,56923,146424,0,1
6102,56923,146448,1,0
6103,56923,146472,0,1
6104,56923,146496,0,1
6105,56923,146520,0,1
6106,56923,146544,0,1
6107,56923,146568,0,1
6108,56923,146592,0,1
6109,56923,146616,0,1
6110,56923,146640,0,1
6111,56923,146664,0,1
6112,56923,146688,0,1
6113,56923,146712,0,1
6114,56923,146736,0,1
6115,56923,146760,0,1
6116,56923,146784,0,1
6117,56923,146808,0,1
6118,56923,146832,0,1
6119,56923,146856,1,0
6120,56923,146880,1,0
6121,56923,146904,0,1
6122,56923,146928,0,1
6123,56923,146952,0,1
6124,56923,146976,0,1
6125,56923,147000,1,0
6126,56923,147024,1,0
6127,56923,147048,1,0
6128,56923,147072,0,1
6129,56923,147096,0,1
6130,56923,147120,0,1
6131,56923,147144,0,1
6132,56923,147168,0,1
6133,56923,147192,0,1
6134,56923,147216,0,1
6135,56923,147240,0,1
6136,56923,147264,0,1
6137,56923,147288,0,1
6138,56923,147312,0,1
6139,56923,147336,0,1
6140,56923,147360,0,1
6141,56923,147384,1,0
6142,56923,147408,0,1
6143,56923,147432,0,1
6144,56923,147456,0,1
6145,56923,147480,0,1
6146,56923,147504,0,1
6147,56923,147528,0,1
6148,56923,147552,0,1
6149,56923,147576,1,0
6150,56923,147600,0,1
6151,56923,147624,1,0
6152,56923,147648,1,0
6153,56923,147672,0,1
6154,56923,147696,0,1
6155,56923,147720,1,0
6156,56923,147744,1,0
6157,56923,147768,1,0
6158,56923,147792,1,0
6159,56923,147816,1,0
6160,56923,147840,1,0
6161,56923,147864,0,1
6162,56923,147888,1,0
6163,56923,147912,1,0
6164,56923,147936,1,0
6165,56923,147960,0,1
6166,56923,147984,1,0
6167,56923,148008,1,0
6168,56923,148032,0,1
6169,56923,148056,0,1
6170,56923,148080,0,1
6171,56923,148104,0,1
6172,56923,148128,0,1
6173,56923,148152,0,1
6174,56923,148176,0,1
6175,56923,148200,1,0
6176,56923,148224,0,1
6177,56923,148248,0,1
6178,56923,148272,0,1
6179,56923,148296,0,1
6180,56923,148320,0,1
6181,56923,148344,0,1
6182,56923,148368,0,1
6183,56923,148392,0,1
6184,56923,148416,0,1
6185,56923,148440,0,1
6186,56923,148464,0,1
6187,56923,148488,0,1
6188,56923,148512,0,1
6189,56923,148536,0,1
6190,56923,148560,0,1
6191,56923,148584,0,1
6192,56923,148608,0,1
6193,56923,148632,0,1
6194,56923,148656,0,1
6195,56923,148680,0,1
6196,56923,148704,0,1
6197,56923,148728,0,1
6198,56923,148752,0,1
6199,56923,148776,0,1
6200,56923,148800,0,1
6201,56923,148824,0,1
6202,56923,148848,0,1
6203,56923,148872,0,1
6204,56923,148896,0,1
6205,56923,148920,0,1
6206,56923,148944,0,1
6207,56923,148968,0,1
6208,56923,148992,0,1
6209,56923,149016,0,1
6210,56923,149040,0,1
6211,56923,149064,0,1
6212,56923,149088,0,1
6213,56923,149112,0,1
6214,56923,149136,0,1
6215,56923,149160,0,1
6216,56923,149184,0,1
6217,56923,149208,0,1
6218,56923,149232,0,1
6219,56923,149256,0,1
6220,56923,149280,0,1
6221,56923,149304,0,1
6222,56923,149328,0,1
6223,56923,149352,0,1
6224,56923,149376,0,1
6225,56923,149400,0,1
6226,56923,149424,0,1
6227,56923,149448,0,1
6228,56923,149472,0,1
6229,56923,149496,0,1
6230,56923,149520,0,1
6231,56923,149544,0,1
6232,56923,149568,0,1
6233,56923,149592,0,1
6234,56923,149616,0,1
6235,56923,149640,0,1
6236,56923,149664,0,1
6237,56923,149688,0,1
6238,56923,149712,0,1
6239,56923,149736,0,1
6240,56923,149760,0,1
6241,56923,149784,0,1
6242,56923,149808,0,1
6243,56923,149832,0,1
6244,56923,149856,0,1
6245,56923,149880,0,1
6246,56923,149904,0,1
6247,56923,149928,0,1
6248,56923,149952,0,1
6249,56923,149976,0,1
6250,56923,150000,0,1
6251,56923,150024,0,1
6252,56923,150048,0,1
6253,56923,150072,0,1
6254,56923,150096,0,1
6255,56923,150120,0,1
6256,56923,150144,0,1
6257,56923,150168,0,1
6258,56923,150192,0,1
6259,56923,150216,0,1
6260,56923,150240,0,1
6261,56923,150264,0,1
6262,56923,150288,0,1
6263,56923,150312,0,1
6264,56923,150336,0,1
6265,56923,150360,0,1
6266,56923,150384,0,1
6267,56923,150408,0,1
6268,56923,150432,0,1
6269,56923,150456,0,1
6270,56923,150480,0,1
6271,56923,150504,0,1
6272,56923,150528,0,1
6273,56923,150552,0,1
6274,56923,150576,0,1
6275,56923,150600,0,1
6276,56923,150624,0,1
6277,56923,150648,0,1
6278,56923,150672,0,1
6279,56923,150696,0,1
6280,56923,150720,0,1
6281,56923,150744,0,1
6282,56923,150768,0,1
6283,56923,150792,0,1
6284,56923,150816,0,1
6285,56923,150840,0,1
6286,56923,150864,0,1
6287,56923,150888,0,1
6288,56923,150912,0,1
6289,56923,150936,0,1
6290,56923,150960,0,1
6291,56923,150984,0,1
6292,56923,151008,0,1
6293,56923,151032,0,1
6294,56923,151056,0,1
6295,56923,151080,0,1
6296,56923,151104,0,1
6297,56923,151128,0,1
6298,56923,151152,0,1
6299,56923,151176,0,1
6300,56923,151200,0,1
6301,56923,151224,0,1
6302,56923,151248,0,1
6303,56923,151272,0,1
6304,56923,151296,0,1
6305,56923,151320,0,1
6306,56923,151344,0,1
6307,56923,151368,0,1
6308,56923,151392,0,1
6309,56923,151416,0,1
6310,56923,151440,0,1
6311,56923,151464,0,1
6312,56923,151488,0,1
6313,56923,151512,0,1
6314,56923,151536,0,1
6315,56923,151560,0,1
6316,56923,151584,0,1
6317,56923,151608,0,1
6318,56923,151632,0,1
6319,56923,151656,0,1
6320,56923,151680,0,1
6321,56923,151704,0,1
6322,56923,151728,0,1
6323,56923,151752,0,1
6324,56923,151776,0,1
6325,56923,151800,0,1
6326,56923,151824,0,1
6327,56923,151848,0,1
6328,56923,151872,0,1
6329,56923,151896,0,1
6330,56923,151920,0,1
6331,56923,151944,0,1
6332,56923,151968,0,1
6333,56923,151992,0,1
6334,56923,152016,0,1
6335,56923,152040,0,1
6336,56923,152064,0,1
6337,56923,152088,0,1
6338,56923,152112,0,1
6339,56923,152136,0,1
6340,56923,152160,0,1
6341,56923,152184,0,1
6342,56923,152208,0,1
6343,56923,152232,0,1
6344,56923,152256,0,1
6345,56923,152280,0,1
6346,56923,152304,0,1
6347,56923,152328,0,1
6348,56923,152352,0,1
6349,56923,152376,0,1
6350,56923,152400,0,1
6351,56923,152424,0,1
6352,56923,152448,0,1
6353,56923,152472,0,1
6354,56923,152496,0,1
6355,56923,152520,0,1
6356,56923,152544,0,1
6357,56923,152568,0,1
6358,56923,152592,0,1
6359,56923,152616,0,1
6360,56923,152640,0,1
6361,56923,152664,0,1
6362,56923,152688,0,1
6363,56923,152712,0,1
6364,56923,152736,0,1
6365,56923,152760,0,1
6366,56923,152784,0,1
6367,56923,152808,0,1
6368,56923,152832,0,1
6369,56923,152856,0,1
6370,56923,152880,0,1
6371,56923,152904,0,1
6372,56923,152928,0,1
6373,56923,152952,0,1
6374,56923,152976,0,1
6375,56923,153000,0,1
6376,56923,153024,0,1
6377,56923,153048,0,1
6378,56923,153072,0,1
6379,56923,153096,0,1
6380,56923,153120,0,1
6381,56923,153144,0,1
6382,56923,153168,0,1
6383,56923,153192,0,1
6384,56923,153216,1,0
6385,56923,153240,0,1
6386,56923,153264,0,1
6387,56923,153288,0,1
6388,56923,153312,0,1
6389,56923,153336,0,1
6390,56923,153360,0,1
6391,56923,153384,0,1
6392,56923,153408,0,1
6393,56923,153432,0,1
6394,56923,153456,0,1
6395,56923,153480,0,1
6396,56923,153504,0,1
6397,56923,153528,0,1
6398,56923,153552,0,1
6399,56923,153576,0,1
6400,56923,153600,0,1
6401,56923,153624,0,1
6402,56923,153648,0,1
6403,56923,153672,0,1
6404,56923,153696,0,1
6405,56923,153720,0,1
6406,56923,153744,0,1
6407,56923,153768,0,1
6408,56923,153792,0,1
6409,56923,153816,0,1
6410,56923,153840,0,1
6411,56923,153864,0,1
6412,56923,153888,0,1
6413,56923,153912,0,1
6414,56923,153936,0,1
6415,56923,153960,0,1
6416,56923,153984,0,1
6417,56923,154008,0,1
6418,56923,154032,0,1
6419,56923,154056,0,1
6420,56923,154080,0,1
6421,56923,154104,0,1
6422,56923,154128,0,1
6423,56923,154152,0,1
6424,56923,154176,1,0
6425,56923,154200,1,0
6426,56923,154224,1,0
6427,56923,154248,0,1
6428,56923,154272,0,1
6429,56923,154296,0,1
6430,56923,154320,0,1
6431,56923,154344,0,1
6432,56923,154368,0,1
6433,56923,154392,0,1
6434,56923,154416,0,1
6435,56923,154440,0,1
6436,56923,154464,0,1
6437,56923,154488,0,1
6438,56923,154512,0,1
6439,56923,154536,0,1
6440,56923,154560,0,1
6441,56923,154584,0,1
6442,56923,154608,0,1
6443,56923,154632,0,1
6444,56923,154656,0,1
6445,56923,154680,0,1
6446,56923,154704,0,1
6447,56923,154728,0,1
6448,56923,154752,0,1
6449,56923,154776,0,1
6450,56923,154800,0,1
6451,56923,154824,0,1
6452,56923,154848,0,1
6453,56923,154872,0,1
6454,56923,154896,0,1
6455,56923,154920,0,1
6456,56923,154944,0,1
6457,56923,154968,0,1
6458,56923,154992,0,1
6459,56923,155016,0,1
6460,56923,155040,0,1
6461,56923,155064,0,1
6462,56923,155088,0,1
6463,56923,155112,0,1
6464,56923,155136,1,0
6465,56923,155160,0,1
6466,56923,155184,0,1
6467,56923,155208,0,1
6468,56923,155232,0,1
6469,56923,155256,0,1
6470,56923,155280,0,1
6471,56923,155304,1,0
6472,56923,155328,0,1
6473,56923,155352,0,1
6474,56923,155376,0,1
6475,56923,155400,0,1
6476,56923,155424,0,1
6477,56923,155448,0,1
6478,56923,155472,0,1
6479,56923,155496,0,1
6480,56923,155520,0,1
6481,56923,155544,0,1
6482,56923,155568,0,1
6483,56923,155592,0,1
6484,56923,155616,0,1
6485,56923,155640,0,1
6486,56923,155664,0,1
6487,56923,155688,0,1
6488,56923,155712,0,1
6489,56923,155736,0,1
6490,56923,155760,0,1
6491,56923,155784,0,1
6492,56923,155808,1,0
6493,56923,155832,1,0
6494,56923,155856,1,0
6495,56923,155880,0,1
6496,56923,155904,0,1
6497,56923,155928,1,0
6498,56923,155952,1,0
6499,56923,155976,1,0
6500,56923,156000,1,0
6501,56923,156024,0,1
6502,56923,156048,0,1
6503,56923,156072,0,1
6504,56923,156096,0,1
6505,56923,156120,0,1
6506,56923,156144,0,1
6507,56923,156168,0,1
6508,56923,156192,0,1
6509,56923,156216,0,1
6510,56923,156240,0,1
6511,56923,156264,0,1
6512,56923,156288,0,1
6513,56923,156312,0,1
6514,56923,156336,1,0
6515,56923,156360,0,1
6516,56923,156384,0,1
6517,56923,156408,0,1
6518,56923,156432,0,1
6519,56923,156456,0,1
6520,56923,156480,0,1
6521,56923,156504,0,1
6522,56923,156528,1,0
6523,56923,156552,0,1
6524,56923,156576,0,1
6525,56923,156600,0,1
6526,56923,156624,0,1
6527,56923,156648,0,1
6528,56923,156672,0,1
6529,56923,156696,0,1
6530,56923,156720,0,1
6531,56923,156744,0,1
6532,56923,156768,0,1
6533,56923,156792,0,1
6534,56923,156816,0,1
6535,56923,156840,0,1
6536,56923,156864,0,1
6537,56923,156888,0,1
6538,56923,156912,0,1
6539,56923,156936,0,1
6540,56923,156960,0,1
6541,56923,156984,0,1
6542,56923,157008,0,1
6543,56923,157032,0,1
6544,56923,157056,0,1
6545,56923,157080,0,1
6546,56923,157104,0,1
6547,56923,157128,0,1
6548,56923,157152,0,1
6549,56923,157176,0,1
6550,56923,157200,0,1
6551,56923,157224,1,0
6552,56923,157248,0,1
6553,56923,157272,0,1
6554,56923,157296,0,1
6555,56923,157320,0,1
6556,56923,157344,0,1
6557,56923,157368,0,1
6558,56923,157392,0,1
6559,56923,157416,0,1
6560,56923,157440,0,1
6561,56923,157464,0,1
6562,56923,157488,0,1
6563,56923,157512,0,1
6564,56923,157536,0,1
6565,56923,157560,0,1
6566,56923,157584,0,1
6567,56923,157608,1,0
6568,56923,157632,1,0
6569,56923,157656,1,0
6570,56923,157680,1,0
6571,56923,157704,1,0
6572,56923,157728,1,0
6573,56923,157752,1,0
6574,56923,157776,1,0
6575,56923,157800,1,0
6576,56923,157824,1,0
6577,56923,157848,1,0
6578,56923,157872,1,0
6579,56923,157896,1,0
6580,56923,157920,1,0
6581,56923,157944,1,0
6582,56923,157968,1,0
6583,56923,157992,1,0
6584,56923,158016,1,0
6585,56923,158040,1,0
6586,56923,158064,1,0
6587,56923,158088,1,0
6588,56923,158112,0,1
6589,56923,158136,1,0
6590,56923,158160,1,0
6591,56923,158184,1,0
6592,56923,158208,1,0
6593,56923,158232,1,0
6594,56923,158256,1,0
6595,56923,158280,1,0
6596,56923,158304,1,0
6597,56923,158328,1,0
6598,56923,158352,1,0
6599,56923,158376,1,0
6600,56923,158400,1,0
6601,56923,158424,1,0
6602,56923,158448,1,0
6603,56923,158472,1,0
6604,56923,158496,1,0
6605,56923,158520,1,0
6606,56923,158544,1,0
6607,56923,158568,0,1
6608,56923,158592,1,0
6609,56923,158616,1,0
6610,56923,158640,1,0
6611,56923,158664,1,0
6612,56923,158688,1,0
6613,56923,158712,1,0
6614,56923,158736,1,0
6615,56923,158760,1,0
6616,56923,158784,1,0
6617,56923,158808,1,0
6618,56923,158832,1,0
6619,56923,158856,1,0
6620,56923,158880,1,0
6621,56923,158904,1,0
6622,56923,158928,1,0
6623,56923,158952,1,0
6624,56923,158976,1,0
6625,56923,159000,0,1
6626,56923,159024,0,1
6627,56923,159048,0,1
6628,56923,159072,0,1
6629,56923,159096,1,0
6630,56923,159120,0,1
6631,56923,159144,0,1
6632,56923,159168,0,1
6633,56923,159192,0,1
6634,56923,159216,0,1
6635,56923,159240,1,0
6636,56923,159264,0,1
6637,56923,159288,0,1
6638,56923,159312,0,1
6639,56923,159336,0,1
6640,56923,159360,0,1
6641,56923,159384,0,1
6642,56923,159408,0,1
6643,56923,159432,1,0
6644,56923,159456,0,1
6645,56923,159480,0,1
6646,56923,159504,0,1
6647,56923,159528,0,1
6648,56923,159552,0,1
6649,56923,159576,0,1
6650,56923,159600,0,1
6651,56923,159624,0,1
6652,56923,159648,0,1
6653,56923,159672,0,1
6654,56923,159696,0,1
6655,56923,159720,0,1
6656,56923,159744,0,1
6657,56923,159768,0,1
6658,56923,159792,0,1
6659,56923,159816,0,1
6660,56923,159840,0,1
6661,56923,159864,0,1
6662,56923,159888,0,1
6663,56923,159912,0,1
6664,56923,159936,0,1
6665,56923,159960,0,1
6666,56923,159984,0,1
6667,56923,160008,0,1
6668,56923,160032,0,1
6669,56923,160056,0,1
6670,56923,160080,0,1
6671,56923,160104,0,1
6672,56923,160128,0,1
6673,56923,160152,0,1
6674,56923,160176,0,1
6675,56923,160200,0,1
6676,56923,160224,0,1
6677,56923,160248,0,1
6678,56923,160272,0,1
6679,56923,160296,0,1
6680,56923,160320,0,1
6681,56923,160344,0,1
6682,56923,160368,0,1
6683,56923,160392,0,1
6684,56923,160416,0,1
6685,56923,160440,0,1
6686,56923,160464,0,1
6687,56923,160488,0,1
6688,56923,160512,0,1
6689,56923,160536,0,1
6690,56923,160560,0,1
6691,56923,160584,0,1
6692,56923,160608,0,1
6693,56923,160632,0,1
6694,56923,160656,0,1
6695,56923,160680,0,1
6696,56923,160704,0,1
6697,56923,160728,0,1
6698,56923,160752,0,1
6699,56923,160776,0,1
6700,56923,160800,0,1
6701,56923,160824,0,1
6702,56923,160848,0,1
6703,56923,160872,0,1
6704,56923,160896,0,1
6705,56923,160920,0,1
6706,56923,160944,0,1
6707,56923,160968,0,1
6708,56923,160992,0,1
6709,56923,161016,0,1
6710,56923,161040,0,1
6711,56923,161064,0,1
6712,56923,161088,0,1
6713,56923,161112,0,1
6714,56923,161136,0,1
6715,56923,161160,0,1
6716,56923,161184,0,1
6717,56923,161208,0,1
6718,56923,161232,0,1
6719,56923,161256,0,1
6720,56923,161280,0,1
6721,56923,161304,0,1
6722,56923,161328,0,1
6723,56923,161352,0,1
6724,56923,161376,0,1
6725,56923,161400,0,1
6726,56923,161424,0,1
6727,56923,161448,0,1
6728,56923,161472,0,1
6729,56923,161496,0,1
6730,56923,161520,0,1
6731,56923,161544,0,1
6732,56923,161568,0,1
6733,56923,161592,0,1
6734,56923,161616,0,1
6735,56923,161640,0,1
6736,56923,161664,0,1
6737,56923,161688,0,1
6738,56923,161712,0,1
6739,56923,161736,0,1
6740,56923,161760,0,1
6741,56923,161784,0,1
6742,56923,161808,0,1
6743,56923,161832,0,1
6744,56923,161856,0,1
6745,56923,161880,0,1
6746,56923,161904,0,1
6747,56923,161928,0,1
6748,56923,161952,0,1
6749,56923,161976,0,1
6750,56923,162000,0,1
6751,56923,162024,0,1
6752,56923,162048,0,1
6753,56923,162072,0,1
6754,56923,162096,0,1
6755,56923,162120,0,1
6756,56923,162144,0,1
6757,56923,162168,0,1
6758,56923,162192,0,1
6759,56923,162216,0,1
6760,56923,162240,0,1
6761,56923,162264,0,1
6762,56923,162288,0,1
6763,56923,162312,0,1
6764,56923,162336,0,1
6765,56923,162360,0,1
6766,56923,162384,0,1
6767,56923,162408,0,1
6768,56923,162432,0,1
6769,56923,162456,1,0
6770,56923,162480,0,1
6771,56923,162504,0,1
6772,56923,162528,0,1
6773,56923,162552,0,1
6774,56923,162576,0,1
6775,56923,162600,0,1
6776,56923,162624,0,1
6777,56923,162648,0,1
6778,56923,162672,0,1
6779,56923,162696,0,1
6780,56923,162720,0,1
6781,56923,162744,0,1
6782,56923,162768,0,1
6783,56923,162792,0,1
6784,56923,162816,0,1
6785,56923,162840,0,1
6786,56923,162864,0,1
6787,56923,162888,0,1
6788,56923,162912,0,1
6789,56923,162936,0,1
6790,56923,162960,0,1
6791,56923,162984,0,1
6792,56923,163008,0,1
6793,56923,163032,0,1
6794,56923,163056,0,1
6795,56923,163080,0,1
6796,56923,163104,0,1
