,imdb_id,frame_num,is_car,is_not_car
0,38126,0,0,1
1,38126,24,0,1
2,38126,48,0,1
3,38126,72,0,1
4,38126,96,0,1
5,38126,120,0,1
6,38126,144,0,1
7,38126,168,0,1
8,38126,192,0,1
9,38126,216,0,1
10,38126,240,0,1
11,38126,264,0,1
12,38126,288,0,1
13,38126,312,0,1
14,38126,336,0,1
15,38126,360,0,1
16,38126,384,0,1
17,38126,408,0,1
18,38126,432,0,1
19,38126,456,0,1
20,38126,480,0,1
21,38126,504,0,1
22,38126,528,0,1
23,38126,552,0,1
24,38126,576,0,1
25,38126,600,0,1
26,38126,624,0,1
27,38126,648,0,1
28,38126,672,0,1
29,38126,696,0,1
30,38126,720,0,1
31,38126,744,0,1
32,38126,768,0,1
33,38126,792,0,1
34,38126,816,0,1
35,38126,840,0,1
36,38126,864,0,1
37,38126,888,0,1
38,38126,912,0,1
39,38126,936,0,1
40,38126,960,0,1
41,38126,984,0,1
42,38126,1008,0,1
43,38126,1032,0,1
44,38126,1056,0,1
45,38126,1080,0,1
46,38126,1104,0,1
47,38126,1128,0,1
48,38126,1152,0,1
49,38126,1176,0,1
50,38126,1200,0,1
51,38126,1224,0,1
52,38126,1248,0,1
53,38126,1272,0,1
54,38126,1296,0,1
55,38126,1320,0,1
56,38126,1344,0,1
57,38126,1368,0,1
58,38126,1392,0,1
59,38126,1416,0,1
60,38126,1440,0,1
61,38126,1464,0,1
62,38126,1488,0,1
63,38126,1512,0,1
64,38126,1536,0,1
65,38126,1560,0,1
66,38126,1584,0,1
67,38126,1608,0,1
68,38126,1632,0,1
69,38126,1656,0,1
70,38126,1680,0,1
71,38126,1704,0,1
72,38126,1728,0,1
73,38126,1752,0,1
74,38126,1776,0,1
75,38126,1800,0,1
76,38126,1824,0,1
77,38126,1848,0,1
78,38126,1872,0,1
79,38126,1896,0,1
80,38126,1920,0,1
81,38126,1944,0,1
82,38126,1968,0,1
83,38126,1992,0,1
84,38126,2016,0,1
85,38126,2040,0,1
86,38126,2064,0,1
87,38126,2088,0,1
88,38126,2112,0,1
89,38126,2136,0,1
90,38126,2160,0,1
91,38126,2184,0,1
92,38126,2208,0,1
93,38126,2232,0,1
94,38126,2256,0,1
95,38126,2280,0,1
96,38126,2304,0,1
97,38126,2328,0,1
98,38126,2352,0,1
99,38126,2376,0,1
100,38126,2400,0,1
101,38126,2424,0,1
102,38126,2448,0,1
103,38126,2472,0,1
104,38126,2496,0,1
105,38126,2520,0,1
106,38126,2544,0,1
107,38126,2568,0,1
108,38126,2592,0,1
109,38126,2616,0,1
110,38126,2640,0,1
111,38126,2664,0,1
112,38126,2688,0,1
113,38126,2712,0,1
114,38126,2736,0,1
115,38126,2760,0,1
116,38126,2784,0,1
117,38126,2808,0,1
118,38126,2832,0,1
119,38126,2856,0,1
120,38126,2880,0,1
121,38126,2904,0,1
122,38126,2928,0,1
123,38126,2952,0,1
124,38126,2976,0,1
125,38126,3000,0,1
126,38126,3024,0,1
127,38126,3048,0,1
128,38126,3072,0,1
129,38126,3096,0,1
130,38126,3120,0,1
131,38126,3144,0,1
132,38126,3168,0,1
133,38126,3192,0,1
134,38126,3216,0,1
135,38126,3240,0,1
136,38126,3264,0,1
137,38126,3288,0,1
138,38126,3312,0,1
139,38126,3336,0,1
140,38126,3360,0,1
141,38126,3384,0,1
142,38126,3408,0,1
143,38126,3432,0,1
144,38126,3456,0,1
145,38126,3480,0,1
146,38126,3504,0,1
147,38126,3528,0,1
148,38126,3552,0,1
149,38126,3576,0,1
150,38126,3600,0,1
151,38126,3624,0,1
152,38126,3648,0,1
153,38126,3672,0,1
154,38126,3696,0,1
155,38126,3720,0,1
156,38126,3744,0,1
157,38126,3768,0,1
158,38126,3792,0,1
159,38126,3816,0,1
160,38126,3840,0,1
161,38126,3864,0,1
162,38126,3888,0,1
163,38126,3912,0,1
164,38126,3936,0,1
165,38126,3960,0,1
166,38126,3984,0,1
167,38126,4008,0,1
168,38126,4032,0,1
169,38126,4056,0,1
170,38126,4080,0,1
171,38126,4104,0,1
172,38126,4128,0,1
173,38126,4152,0,1
174,38126,4176,0,1
175,38126,4200,0,1
176,38126,4224,0,1
177,38126,4248,0,1
178,38126,4272,0,1
179,38126,4296,0,1
180,38126,4320,0,1
181,38126,4344,0,1
182,38126,4368,0,1
183,38126,4392,0,1
184,38126,4416,0,1
185,38126,4440,0,1
186,38126,4464,0,1
187,38126,4488,0,1
188,38126,4512,0,1
189,38126,4536,0,1
190,38126,4560,0,1
191,38126,4584,0,1
192,38126,4608,0,1
193,38126,4632,0,1
194,38126,4656,0,1
195,38126,4680,0,1
196,38126,4704,0,1
197,38126,4728,0,1
198,38126,4752,0,1
199,38126,4776,0,1
200,38126,4800,0,1
201,38126,4824,0,1
202,38126,4848,0,1
203,38126,4872,0,1
204,38126,4896,0,1
205,38126,4920,0,1
206,38126,4944,0,1
207,38126,4968,0,1
208,38126,4992,0,1
209,38126,5016,0,1
210,38126,5040,0,1
211,38126,5064,0,1
212,38126,5088,0,1
213,38126,5112,0,1
214,38126,5136,0,1
215,38126,5160,0,1
216,38126,5184,0,1
217,38126,5208,0,1
218,38126,5232,0,1
219,38126,5256,0,1
220,38126,5280,0,1
221,38126,5304,0,1
222,38126,5328,0,1
223,38126,5352,0,1
224,38126,5376,0,1
225,38126,5400,0,1
226,38126,5424,0,1
227,38126,5448,0,1
228,38126,5472,0,1
229,38126,5496,0,1
230,38126,5520,0,1
231,38126,5544,0,1
232,38126,5568,0,1
233,38126,5592,0,1
234,38126,5616,0,1
235,38126,5640,0,1
236,38126,5664,0,1
237,38126,5688,0,1
238,38126,5712,0,1
239,38126,5736,0,1
240,38126,5760,0,1
241,38126,5784,0,1
242,38126,5808,0,1
243,38126,5832,0,1
244,38126,5856,0,1
245,38126,5880,0,1
246,38126,5904,0,1
247,38126,5928,0,1
248,38126,5952,0,1
249,38126,5976,0,1
250,38126,6000,1,0
251,38126,6024,0,1
252,38126,6048,0,1
253,38126,6072,0,1
254,38126,6096,0,1
255,38126,6120,0,1
256,38126,6144,0,1
257,38126,6168,0,1
258,38126,6192,0,1
259,38126,6216,0,1
260,38126,6240,0,1
261,38126,6264,0,1
262,38126,6288,0,1
263,38126,6312,0,1
264,38126,6336,0,1
265,38126,6360,0,1
266,38126,6384,0,1
267,38126,6408,0,1
268,38126,6432,0,1
269,38126,6456,0,1
270,38126,6480,0,1
271,38126,6504,0,1
272,38126,6528,0,1
273,38126,6552,0,1
274,38126,6576,0,1
275,38126,6600,0,1
276,38126,6624,0,1
277,38126,6648,0,1
278,38126,6672,0,1
279,38126,6696,0,1
280,38126,6720,0,1
281,38126,6744,0,1
282,38126,6768,0,1
283,38126,6792,0,1
284,38126,6816,0,1
285,38126,6840,0,1
286,38126,6864,0,1
287,38126,6888,0,1
288,38126,6912,0,1
289,38126,6936,0,1
290,38126,6960,0,1
291,38126,6984,0,1
292,38126,7008,0,1
293,38126,7032,0,1
294,38126,7056,0,1
295,38126,7080,0,1
296,38126,7104,0,1
297,38126,7128,0,1
298,38126,7152,0,1
299,38126,7176,0,1
300,38126,7200,0,1
301,38126,7224,0,1
302,38126,7248,0,1
303,38126,7272,0,1
304,38126,7296,0,1
305,38126,7320,0,1
306,38126,7344,0,1
307,38126,7368,0,1
308,38126,7392,1,0
309,38126,7416,0,1
310,38126,7440,0,1
311,38126,7464,0,1
312,38126,7488,0,1
313,38126,7512,0,1
314,38126,7536,0,1
315,38126,7560,0,1
316,38126,7584,0,1
317,38126,7608,0,1
318,38126,7632,0,1
319,38126,7656,0,1
320,38126,7680,0,1
321,38126,7704,0,1
322,38126,7728,0,1
323,38126,7752,0,1
324,38126,7776,0,1
325,38126,7800,0,1
326,38126,7824,0,1
327,38126,7848,0,1
328,38126,7872,0,1
329,38126,7896,0,1
330,38126,7920,0,1
331,38126,7944,0,1
332,38126,7968,0,1
333,38126,7992,0,1
334,38126,8016,0,1
335,38126,8040,0,1
336,38126,8064,0,1
337,38126,8088,0,1
338,38126,8112,0,1
339,38126,8136,0,1
340,38126,8160,0,1
341,38126,8184,0,1
342,38126,8208,0,1
343,38126,8232,0,1
344,38126,8256,0,1
345,38126,8280,0,1
346,38126,8304,0,1
347,38126,8328,0,1
348,38126,8352,0,1
349,38126,8376,0,1
350,38126,8400,0,1
351,38126,8424,0,1
352,38126,8448,0,1
353,38126,8472,0,1
354,38126,8496,0,1
355,38126,8520,0,1
356,38126,8544,0,1
357,38126,8568,0,1
358,38126,8592,0,1
359,38126,8616,0,1
360,38126,8640,1,0
361,38126,8664,1,0
362,38126,8688,0,1
363,38126,8712,0,1
364,38126,8736,0,1
365,38126,8760,0,1
366,38126,8784,1,0
367,38126,8808,1,0
368,38126,8832,0,1
369,38126,8856,1,0
370,38126,8880,1,0
371,38126,8904,1,0
372,38126,8928,1,0
373,38126,8952,1,0
374,38126,8976,1,0
375,38126,9000,0,1
376,38126,9024,0,1
377,38126,9048,0,1
378,38126,9072,0,1
379,38126,9096,0,1
380,38126,9120,0,1
381,38126,9144,0,1
382,38126,9168,0,1
383,38126,9192,1,0
384,38126,9216,0,1
385,38126,9240,0,1
386,38126,9264,0,1
387,38126,9288,0,1
388,38126,9312,1,0
389,38126,9336,1,0
390,38126,9360,1,0
391,38126,9384,1,0
392,38126,9408,0,1
393,38126,9432,0,1
394,38126,9456,0,1
395,38126,9480,0,1
396,38126,9504,0,1
397,38126,9528,0,1
398,38126,9552,0,1
399,38126,9576,0,1
400,38126,9600,0,1
401,38126,9624,0,1
402,38126,9648,0,1
403,38126,9672,0,1
404,38126,9696,0,1
405,38126,9720,0,1
406,38126,9744,0,1
407,38126,9768,0,1
408,38126,9792,0,1
409,38126,9816,0,1
410,38126,9840,0,1
411,38126,9864,0,1
412,38126,9888,0,1
413,38126,9912,0,1
414,38126,9936,0,1
415,38126,9960,0,1
416,38126,9984,0,1
417,38126,10008,0,1
418,38126,10032,0,1
419,38126,10056,0,1
420,38126,10080,0,1
421,38126,10104,0,1
422,38126,10128,0,1
423,38126,10152,0,1
424,38126,10176,0,1
425,38126,10200,0,1
426,38126,10224,0,1
427,38126,10248,0,1
428,38126,10272,0,1
429,38126,10296,0,1
430,38126,10320,0,1
431,38126,10344,0,1
432,38126,10368,0,1
433,38126,10392,0,1
434,38126,10416,0,1
435,38126,10440,0,1
436,38126,10464,0,1
437,38126,10488,0,1
438,38126,10512,0,1
439,38126,10536,0,1
440,38126,10560,0,1
441,38126,10584,0,1
442,38126,10608,0,1
443,38126,10632,0,1
444,38126,10656,0,1
445,38126,10680,0,1
446,38126,10704,0,1
447,38126,10728,0,1
448,38126,10752,0,1
449,38126,10776,0,1
450,38126,10800,0,1
451,38126,10824,0,1
452,38126,10848,0,1
453,38126,10872,0,1
454,38126,10896,0,1
455,38126,10920,0,1
456,38126,10944,0,1
457,38126,10968,0,1
458,38126,10992,0,1
459,38126,11016,0,1
460,38126,11040,0,1
461,38126,11064,0,1
462,38126,11088,0,1
463,38126,11112,0,1
464,38126,11136,0,1
465,38126,11160,0,1
466,38126,11184,0,1
467,38126,11208,0,1
468,38126,11232,0,1
469,38126,11256,0,1
470,38126,11280,0,1
471,38126,11304,0,1
472,38126,11328,0,1
473,38126,11352,0,1
474,38126,11376,0,1
475,38126,11400,0,1
476,38126,11424,0,1
477,38126,11448,0,1
478,38126,11472,0,1
479,38126,11496,0,1
480,38126,11520,0,1
481,38126,11544,0,1
482,38126,11568,0,1
483,38126,11592,0,1
484,38126,11616,0,1
485,38126,11640,0,1
486,38126,11664,0,1
487,38126,11688,0,1
488,38126,11712,0,1
489,38126,11736,0,1
490,38126,11760,0,1
491,38126,11784,0,1
492,38126,11808,0,1
493,38126,11832,0,1
494,38126,11856,0,1
495,38126,11880,1,0
496,38126,11904,0,1
497,38126,11928,0,1
498,38126,11952,0,1
499,38126,11976,0,1
500,38126,12000,0,1
501,38126,12024,0,1
502,38126,12048,0,1
503,38126,12072,0,1
504,38126,12096,0,1
505,38126,12120,0,1
506,38126,12144,0,1
507,38126,12168,0,1
508,38126,12192,0,1
509,38126,12216,0,1
510,38126,12240,0,1
511,38126,12264,0,1
512,38126,12288,0,1
513,38126,12312,0,1
514,38126,12336,0,1
515,38126,12360,0,1
516,38126,12384,0,1
517,38126,12408,0,1
518,38126,12432,0,1
519,38126,12456,0,1
520,38126,12480,0,1
521,38126,12504,0,1
522,38126,12528,0,1
523,38126,12552,0,1
524,38126,12576,0,1
525,38126,12600,0,1
526,38126,12624,0,1
527,38126,12648,0,1
528,38126,12672,0,1
529,38126,12696,0,1
530,38126,12720,0,1
531,38126,12744,0,1
532,38126,12768,0,1
533,38126,12792,0,1
534,38126,12816,0,1
535,38126,12840,0,1
536,38126,12864,1,0
537,38126,12888,0,1
538,38126,12912,0,1
539,38126,12936,0,1
540,38126,12960,0,1
541,38126,12984,0,1
542,38126,13008,0,1
543,38126,13032,0,1
544,38126,13056,0,1
545,38126,13080,0,1
546,38126,13104,0,1
547,38126,13128,0,1
548,38126,13152,0,1
549,38126,13176,0,1
550,38126,13200,0,1
551,38126,13224,0,1
552,38126,13248,0,1
553,38126,13272,0,1
554,38126,13296,0,1
555,38126,13320,0,1
556,38126,13344,0,1
557,38126,13368,0,1
558,38126,13392,0,1
559,38126,13416,0,1
560,38126,13440,0,1
561,38126,13464,0,1
562,38126,13488,0,1
563,38126,13512,1,0
564,38126,13536,1,0
565,38126,13560,0,1
566,38126,13584,0,1
567,38126,13608,0,1
568,38126,13632,1,0
569,38126,13656,0,1
570,38126,13680,1,0
571,38126,13704,1,0
572,38126,13728,1,0
573,38126,13752,1,0
574,38126,13776,1,0
575,38126,13800,1,0
576,38126,13824,1,0
577,38126,13848,1,0
578,38126,13872,1,0
579,38126,13896,1,0
580,38126,13920,1,0
581,38126,13944,0,1
582,38126,13968,0,1
583,38126,13992,0,1
584,38126,14016,0,1
585,38126,14040,0,1
586,38126,14064,0,1
587,38126,14088,0,1
588,38126,14112,0,1
589,38126,14136,0,1
590,38126,14160,0,1
591,38126,14184,0,1
592,38126,14208,0,1
593,38126,14232,0,1
594,38126,14256,0,1
595,38126,14280,0,1
596,38126,14304,0,1
597,38126,14328,0,1
598,38126,14352,0,1
599,38126,14376,0,1
600,38126,14400,0,1
601,38126,14424,0,1
602,38126,14448,0,1
603,38126,14472,0,1
604,38126,14496,0,1
605,38126,14520,0,1
606,38126,14544,0,1
607,38126,14568,0,1
608,38126,14592,0,1
609,38126,14616,0,1
610,38126,14640,0,1
611,38126,14664,0,1
612,38126,14688,0,1
613,38126,14712,0,1
614,38126,14736,0,1
615,38126,14760,0,1
616,38126,14784,0,1
617,38126,14808,0,1
618,38126,14832,0,1
619,38126,14856,0,1
620,38126,14880,0,1
621,38126,14904,0,1
622,38126,14928,1,0
623,38126,14952,1,0
624,38126,14976,1,0
625,38126,15000,1,0
626,38126,15024,1,0
627,38126,15048,1,0
628,38126,15072,0,1
629,38126,15096,0,1
630,38126,15120,1,0
631,38126,15144,1,0
632,38126,15168,1,0
633,38126,15192,1,0
634,38126,15216,1,0
635,38126,15240,1,0
636,38126,15264,1,0
637,38126,15288,1,0
638,38126,15312,1,0
639,38126,15336,1,0
640,38126,15360,1,0
641,38126,15384,1,0
642,38126,15408,1,0
643,38126,15432,1,0
644,38126,15456,1,0
645,38126,15480,1,0
646,38126,15504,1,0
647,38126,15528,1,0
648,38126,15552,1,0
649,38126,15576,0,1
650,38126,15600,1,0
651,38126,15624,1,0
652,38126,15648,0,1
653,38126,15672,0,1
654,38126,15696,0,1
655,38126,15720,1,0
656,38126,15744,1,0
657,38126,15768,0,1
658,38126,15792,0,1
659,38126,15816,0,1
660,38126,15840,1,0
661,38126,15864,1,0
662,38126,15888,1,0
663,38126,15912,1,0
664,38126,15936,1,0
665,38126,15960,1,0
666,38126,15984,1,0
667,38126,16008,1,0
668,38126,16032,1,0
669,38126,16056,1,0
670,38126,16080,1,0
671,38126,16104,1,0
672,38126,16128,1,0
673,38126,16152,1,0
674,38126,16176,1,0
675,38126,16200,1,0
676,38126,16224,1,0
677,38126,16248,1,0
678,38126,16272,1,0
679,38126,16296,1,0
680,38126,16320,1,0
681,38126,16344,1,0
682,38126,16368,1,0
683,38126,16392,0,1
684,38126,16416,0,1
685,38126,16440,1,0
686,38126,16464,1,0
687,38126,16488,1,0
688,38126,16512,1,0
689,38126,16536,1,0
690,38126,16560,1,0
691,38126,16584,1,0
692,38126,16608,0,1
693,38126,16632,1,0
694,38126,16656,1,0
695,38126,16680,1,0
696,38126,16704,1,0
697,38126,16728,1,0
698,38126,16752,0,1
699,38126,16776,1,0
700,38126,16800,1,0
701,38126,16824,0,1
702,38126,16848,0,1
703,38126,16872,0,1
704,38126,16896,0,1
705,38126,16920,0,1
706,38126,16944,0,1
707,38126,16968,0,1
708,38126,16992,0,1
709,38126,17016,0,1
710,38126,17040,0,1
711,38126,17064,0,1
712,38126,17088,0,1
713,38126,17112,0,1
714,38126,17136,0,1
715,38126,17160,0,1
716,38126,17184,0,1
717,38126,17208,0,1
718,38126,17232,0,1
719,38126,17256,0,1
720,38126,17280,0,1
721,38126,17304,0,1
722,38126,17328,0,1
723,38126,17352,0,1
724,38126,17376,0,1
725,38126,17400,0,1
726,38126,17424,0,1
727,38126,17448,0,1
728,38126,17472,0,1
729,38126,17496,0,1
730,38126,17520,0,1
731,38126,17544,0,1
732,38126,17568,0,1
733,38126,17592,0,1
734,38126,17616,0,1
735,38126,17640,0,1
736,38126,17664,0,1
737,38126,17688,0,1
738,38126,17712,0,1
739,38126,17736,0,1
740,38126,17760,0,1
741,38126,17784,0,1
742,38126,17808,0,1
743,38126,17832,0,1
744,38126,17856,0,1
745,38126,17880,0,1
746,38126,17904,0,1
747,38126,17928,0,1
748,38126,17952,0,1
749,38126,17976,0,1
750,38126,18000,0,1
751,38126,18024,0,1
752,38126,18048,0,1
753,38126,18072,0,1
754,38126,18096,0,1
755,38126,18120,0,1
756,38126,18144,0,1
757,38126,18168,0,1
758,38126,18192,0,1
759,38126,18216,0,1
760,38126,18240,0,1
761,38126,18264,0,1
762,38126,18288,0,1
763,38126,18312,0,1
764,38126,18336,0,1
765,38126,18360,0,1
766,38126,18384,0,1
767,38126,18408,0,1
768,38126,18432,0,1
769,38126,18456,0,1
770,38126,18480,0,1
771,38126,18504,0,1
772,38126,18528,0,1
773,38126,18552,0,1
774,38126,18576,0,1
775,38126,18600,0,1
776,38126,18624,0,1
777,38126,18648,0,1
778,38126,18672,0,1
779,38126,18696,0,1
780,38126,18720,0,1
781,38126,18744,0,1
782,38126,18768,0,1
783,38126,18792,0,1
784,38126,18816,0,1
785,38126,18840,0,1
786,38126,18864,0,1
787,38126,18888,0,1
788,38126,18912,0,1
789,38126,18936,0,1
790,38126,18960,0,1
791,38126,18984,0,1
792,38126,19008,1,0
793,38126,19032,0,1
794,38126,19056,0,1
795,38126,19080,0,1
796,38126,19104,0,1
797,38126,19128,0,1
798,38126,19152,0,1
799,38126,19176,0,1
800,38126,19200,0,1
801,38126,19224,0,1
802,38126,19248,0,1
803,38126,19272,0,1
804,38126,19296,0,1
805,38126,19320,0,1
806,38126,19344,0,1
807,38126,19368,0,1
808,38126,19392,0,1
809,38126,19416,0,1
810,38126,19440,0,1
811,38126,19464,0,1
812,38126,19488,0,1
813,38126,19512,0,1
814,38126,19536,0,1
815,38126,19560,0,1
816,38126,19584,0,1
817,38126,19608,0,1
818,38126,19632,0,1
819,38126,19656,0,1
820,38126,19680,0,1
821,38126,19704,0,1
822,38126,19728,0,1
823,38126,19752,0,1
824,38126,19776,0,1
825,38126,19800,0,1
826,38126,19824,0,1
827,38126,19848,0,1
828,38126,19872,0,1
829,38126,19896,0,1
830,38126,19920,0,1
831,38126,19944,0,1
832,38126,19968,0,1
833,38126,19992,0,1
834,38126,20016,0,1
835,38126,20040,0,1
836,38126,20064,0,1
837,38126,20088,0,1
838,38126,20112,0,1
839,38126,20136,0,1
840,38126,20160,0,1
841,38126,20184,0,1
842,38126,20208,0,1
843,38126,20232,0,1
844,38126,20256,0,1
845,38126,20280,0,1
846,38126,20304,0,1
847,38126,20328,0,1
848,38126,20352,0,1
849,38126,20376,0,1
850,38126,20400,0,1
851,38126,20424,0,1
852,38126,20448,0,1
853,38126,20472,0,1
854,38126,20496,0,1
855,38126,20520,0,1
856,38126,20544,0,1
857,38126,20568,0,1
858,38126,20592,0,1
859,38126,20616,0,1
860,38126,20640,0,1
861,38126,20664,0,1
862,38126,20688,0,1
863,38126,20712,0,1
864,38126,20736,0,1
865,38126,20760,0,1
866,38126,20784,0,1
867,38126,20808,0,1
868,38126,20832,0,1
869,38126,20856,0,1
870,38126,20880,0,1
871,38126,20904,0,1
872,38126,20928,0,1
873,38126,20952,0,1
874,38126,20976,0,1
875,38126,21000,0,1
876,38126,21024,0,1
877,38126,21048,0,1
878,38126,21072,0,1
879,38126,21096,0,1
880,38126,21120,0,1
881,38126,21144,0,1
882,38126,21168,0,1
883,38126,21192,0,1
884,38126,21216,0,1
885,38126,21240,0,1
886,38126,21264,0,1
887,38126,21288,0,1
888,38126,21312,0,1
889,38126,21336,0,1
890,38126,21360,0,1
891,38126,21384,0,1
892,38126,21408,0,1
893,38126,21432,0,1
894,38126,21456,0,1
895,38126,21480,0,1
896,38126,21504,0,1
897,38126,21528,0,1
898,38126,21552,0,1
899,38126,21576,0,1
900,38126,21600,0,1
901,38126,21624,0,1
902,38126,21648,0,1
903,38126,21672,0,1
904,38126,21696,0,1
905,38126,21720,0,1
906,38126,21744,0,1
907,38126,21768,0,1
908,38126,21792,0,1
909,38126,21816,0,1
910,38126,21840,0,1
911,38126,21864,0,1
912,38126,21888,0,1
913,38126,21912,0,1
914,38126,21936,0,1
915,38126,21960,0,1
916,38126,21984,0,1
917,38126,22008,0,1
918,38126,22032,0,1
919,38126,22056,0,1
920,38126,22080,0,1
921,38126,22104,0,1
922,38126,22128,0,1
923,38126,22152,0,1
924,38126,22176,0,1
925,38126,22200,0,1
926,38126,22224,0,1
927,38126,22248,0,1
928,38126,22272,0,1
929,38126,22296,0,1
930,38126,22320,0,1
931,38126,22344,0,1
932,38126,22368,0,1
933,38126,22392,0,1
934,38126,22416,0,1
935,38126,22440,0,1
936,38126,22464,0,1
937,38126,22488,0,1
938,38126,22512,0,1
939,38126,22536,0,1
940,38126,22560,0,1
941,38126,22584,0,1
942,38126,22608,0,1
943,38126,22632,0,1
944,38126,22656,0,1
945,38126,22680,0,1
946,38126,22704,0,1
947,38126,22728,0,1
948,38126,22752,0,1
949,38126,22776,0,1
950,38126,22800,0,1
951,38126,22824,0,1
952,38126,22848,0,1
953,38126,22872,0,1
954,38126,22896,0,1
955,38126,22920,0,1
956,38126,22944,0,1
957,38126,22968,0,1
958,38126,22992,0,1
959,38126,23016,0,1
960,38126,23040,0,1
961,38126,23064,0,1
962,38126,23088,0,1
963,38126,23112,0,1
964,38126,23136,0,1
965,38126,23160,0,1
966,38126,23184,0,1
967,38126,23208,0,1
968,38126,23232,0,1
969,38126,23256,0,1
970,38126,23280,0,1
971,38126,23304,0,1
972,38126,23328,0,1
973,38126,23352,0,1
974,38126,23376,0,1
975,38126,23400,0,1
976,38126,23424,0,1
977,38126,23448,0,1
978,38126,23472,0,1
979,38126,23496,0,1
980,38126,23520,0,1
981,38126,23544,0,1
982,38126,23568,0,1
983,38126,23592,0,1
984,38126,23616,0,1
985,38126,23640,0,1
986,38126,23664,0,1
987,38126,23688,0,1
988,38126,23712,0,1
989,38126,23736,0,1
990,38126,23760,0,1
991,38126,23784,0,1
992,38126,23808,0,1
993,38126,23832,1,0
994,38126,23856,1,0
995,38126,23880,1,0
996,38126,23904,0,1
997,38126,23928,0,1
998,38126,23952,0,1
999,38126,23976,0,1
1000,38126,24000,0,1
1001,38126,24024,0,1
1002,38126,24048,0,1
1003,38126,24072,0,1
1004,38126,24096,0,1
1005,38126,24120,0,1
1006,38126,24144,0,1
1007,38126,24168,0,1
1008,38126,24192,0,1
1009,38126,24216,0,1
1010,38126,24240,0,1
1011,38126,24264,0,1
1012,38126,24288,0,1
1013,38126,24312,0,1
1014,38126,24336,0,1
1015,38126,24360,0,1
1016,38126,24384,0,1
1017,38126,24408,0,1
1018,38126,24432,0,1
1019,38126,24456,0,1
1020,38126,24480,0,1
1021,38126,24504,0,1
1022,38126,24528,0,1
1023,38126,24552,0,1
1024,38126,24576,0,1
1025,38126,24600,0,1
1026,38126,24624,0,1
1027,38126,24648,0,1
1028,38126,24672,0,1
1029,38126,24696,0,1
1030,38126,24720,0,1
1031,38126,24744,0,1
1032,38126,24768,0,1
1033,38126,24792,0,1
1034,38126,24816,0,1
1035,38126,24840,0,1
1036,38126,24864,0,1
1037,38126,24888,0,1
1038,38126,24912,0,1
1039,38126,24936,0,1
1040,38126,24960,0,1
1041,38126,24984,0,1
1042,38126,25008,0,1
1043,38126,25032,0,1
1044,38126,25056,0,1
1045,38126,25080,0,1
1046,38126,25104,0,1
1047,38126,25128,0,1
1048,38126,25152,0,1
1049,38126,25176,0,1
1050,38126,25200,0,1
1051,38126,25224,0,1
1052,38126,25248,0,1
1053,38126,25272,0,1
1054,38126,25296,0,1
1055,38126,25320,0,1
1056,38126,25344,0,1
1057,38126,25368,0,1
1058,38126,25392,0,1
1059,38126,25416,0,1
1060,38126,25440,0,1
1061,38126,25464,0,1
1062,38126,25488,0,1
1063,38126,25512,0,1
1064,38126,25536,0,1
1065,38126,25560,0,1
1066,38126,25584,0,1
1067,38126,25608,0,1
1068,38126,25632,0,1
1069,38126,25656,0,1
1070,38126,25680,0,1
1071,38126,25704,0,1
1072,38126,25728,0,1
1073,38126,25752,0,1
1074,38126,25776,0,1
1075,38126,25800,0,1
1076,38126,25824,0,1
1077,38126,25848,0,1
1078,38126,25872,0,1
1079,38126,25896,0,1
1080,38126,25920,0,1
1081,38126,25944,0,1
1082,38126,25968,0,1
1083,38126,25992,0,1
1084,38126,26016,0,1
1085,38126,26040,0,1
1086,38126,26064,0,1
1087,38126,26088,0,1
1088,38126,26112,0,1
1089,38126,26136,0,1
1090,38126,26160,0,1
1091,38126,26184,0,1
1092,38126,26208,0,1
1093,38126,26232,0,1
1094,38126,26256,0,1
1095,38126,26280,0,1
1096,38126,26304,0,1
1097,38126,26328,0,1
1098,38126,26352,0,1
1099,38126,26376,0,1
1100,38126,26400,0,1
1101,38126,26424,0,1
1102,38126,26448,0,1
1103,38126,26472,0,1
1104,38126,26496,0,1
1105,38126,26520,0,1
1106,38126,26544,0,1
1107,38126,26568,0,1
1108,38126,26592,0,1
1109,38126,26616,0,1
1110,38126,26640,0,1
1111,38126,26664,0,1
1112,38126,26688,0,1
1113,38126,26712,0,1
1114,38126,26736,0,1
1115,38126,26760,0,1
1116,38126,26784,0,1
1117,38126,26808,0,1
1118,38126,26832,0,1
1119,38126,26856,0,1
1120,38126,26880,0,1
1121,38126,26904,0,1
1122,38126,26928,0,1
1123,38126,26952,0,1
1124,38126,26976,0,1
1125,38126,27000,0,1
1126,38126,27024,0,1
1127,38126,27048,0,1
1128,38126,27072,0,1
1129,38126,27096,0,1
1130,38126,27120,0,1
1131,38126,27144,0,1
1132,38126,27168,0,1
1133,38126,27192,0,1
1134,38126,27216,0,1
1135,38126,27240,0,1
1136,38126,27264,0,1
1137,38126,27288,0,1
1138,38126,27312,0,1
1139,38126,27336,0,1
1140,38126,27360,0,1
1141,38126,27384,0,1
1142,38126,27408,0,1
1143,38126,27432,0,1
1144,38126,27456,0,1
1145,38126,27480,0,1
1146,38126,27504,0,1
1147,38126,27528,0,1
1148,38126,27552,0,1
1149,38126,27576,0,1
1150,38126,27600,0,1
1151,38126,27624,0,1
1152,38126,27648,0,1
1153,38126,27672,0,1
1154,38126,27696,0,1
1155,38126,27720,0,1
1156,38126,27744,0,1
1157,38126,27768,0,1
1158,38126,27792,0,1
1159,38126,27816,0,1
1160,38126,27840,0,1
1161,38126,27864,0,1
1162,38126,27888,0,1
1163,38126,27912,0,1
1164,38126,27936,0,1
1165,38126,27960,0,1
1166,38126,27984,0,1
1167,38126,28008,0,1
1168,38126,28032,0,1
1169,38126,28056,0,1
1170,38126,28080,0,1
1171,38126,28104,0,1
1172,38126,28128,0,1
1173,38126,28152,0,1
1174,38126,28176,0,1
1175,38126,28200,0,1
1176,38126,28224,0,1
1177,38126,28248,0,1
1178,38126,28272,0,1
1179,38126,28296,0,1
1180,38126,28320,0,1
1181,38126,28344,0,1
1182,38126,28368,0,1
1183,38126,28392,0,1
1184,38126,28416,0,1
1185,38126,28440,0,1
1186,38126,28464,0,1
1187,38126,28488,0,1
1188,38126,28512,0,1
1189,38126,28536,0,1
1190,38126,28560,0,1
1191,38126,28584,0,1
1192,38126,28608,0,1
1193,38126,28632,0,1
1194,38126,28656,0,1
1195,38126,28680,0,1
1196,38126,28704,0,1
1197,38126,28728,0,1
1198,38126,28752,0,1
1199,38126,28776,0,1
1200,38126,28800,0,1
1201,38126,28824,0,1
1202,38126,28848,0,1
1203,38126,28872,0,1
1204,38126,28896,0,1
1205,38126,28920,0,1
1206,38126,28944,0,1
1207,38126,28968,0,1
1208,38126,28992,0,1
1209,38126,29016,0,1
1210,38126,29040,0,1
1211,38126,29064,0,1
1212,38126,29088,0,1
1213,38126,29112,0,1
1214,38126,29136,0,1
1215,38126,29160,0,1
1216,38126,29184,0,1
1217,38126,29208,0,1
1218,38126,29232,0,1
1219,38126,29256,0,1
1220,38126,29280,0,1
1221,38126,29304,0,1
1222,38126,29328,0,1
1223,38126,29352,0,1
1224,38126,29376,0,1
1225,38126,29400,0,1
1226,38126,29424,0,1
1227,38126,29448,0,1
1228,38126,29472,0,1
1229,38126,29496,0,1
1230,38126,29520,0,1
1231,38126,29544,0,1
1232,38126,29568,0,1
1233,38126,29592,0,1
1234,38126,29616,0,1
1235,38126,29640,0,1
1236,38126,29664,0,1
1237,38126,29688,0,1
1238,38126,29712,0,1
1239,38126,29736,0,1
1240,38126,29760,0,1
1241,38126,29784,0,1
1242,38126,29808,0,1
1243,38126,29832,0,1
1244,38126,29856,0,1
1245,38126,29880,0,1
1246,38126,29904,0,1
1247,38126,29928,0,1
1248,38126,29952,0,1
1249,38126,29976,0,1
1250,38126,30000,0,1
1251,38126,30024,0,1
1252,38126,30048,0,1
1253,38126,30072,0,1
1254,38126,30096,0,1
1255,38126,30120,0,1
1256,38126,30144,0,1
1257,38126,30168,0,1
1258,38126,30192,0,1
1259,38126,30216,0,1
1260,38126,30240,0,1
1261,38126,30264,0,1
1262,38126,30288,0,1
1263,38126,30312,0,1
1264,38126,30336,0,1
1265,38126,30360,0,1
1266,38126,30384,0,1
1267,38126,30408,0,1
1268,38126,30432,0,1
1269,38126,30456,0,1
1270,38126,30480,0,1
1271,38126,30504,0,1
1272,38126,30528,0,1
1273,38126,30552,0,1
1274,38126,30576,0,1
1275,38126,30600,0,1
1276,38126,30624,0,1
1277,38126,30648,0,1
1278,38126,30672,0,1
1279,38126,30696,0,1
1280,38126,30720,0,1
1281,38126,30744,0,1
1282,38126,30768,0,1
1283,38126,30792,0,1
1284,38126,30816,0,1
1285,38126,30840,0,1
1286,38126,30864,0,1
1287,38126,30888,0,1
1288,38126,30912,0,1
1289,38126,30936,0,1
1290,38126,30960,0,1
1291,38126,30984,0,1
1292,38126,31008,0,1
1293,38126,31032,0,1
1294,38126,31056,0,1
1295,38126,31080,0,1
1296,38126,31104,0,1
1297,38126,31128,0,1
1298,38126,31152,0,1
1299,38126,31176,0,1
1300,38126,31200,0,1
1301,38126,31224,0,1
1302,38126,31248,0,1
1303,38126,31272,0,1
1304,38126,31296,0,1
1305,38126,31320,0,1
1306,38126,31344,0,1
1307,38126,31368,0,1
1308,38126,31392,0,1
1309,38126,31416,0,1
1310,38126,31440,0,1
1311,38126,31464,0,1
1312,38126,31488,0,1
1313,38126,31512,0,1
1314,38126,31536,0,1
1315,38126,31560,0,1
1316,38126,31584,0,1
1317,38126,31608,0,1
1318,38126,31632,0,1
1319,38126,31656,0,1
1320,38126,31680,0,1
1321,38126,31704,0,1
1322,38126,31728,0,1
1323,38126,31752,0,1
1324,38126,31776,0,1
1325,38126,31800,0,1
1326,38126,31824,0,1
1327,38126,31848,0,1
1328,38126,31872,0,1
1329,38126,31896,0,1
1330,38126,31920,0,1
1331,38126,31944,0,1
1332,38126,31968,0,1
1333,38126,31992,0,1
1334,38126,32016,0,1
1335,38126,32040,0,1
1336,38126,32064,0,1
1337,38126,32088,0,1
1338,38126,32112,0,1
1339,38126,32136,0,1
1340,38126,32160,0,1
1341,38126,32184,0,1
1342,38126,32208,0,1
1343,38126,32232,0,1
1344,38126,32256,0,1
1345,38126,32280,0,1
1346,38126,32304,0,1
1347,38126,32328,0,1
1348,38126,32352,0,1
1349,38126,32376,0,1
1350,38126,32400,0,1
1351,38126,32424,0,1
1352,38126,32448,0,1
1353,38126,32472,0,1
1354,38126,32496,0,1
1355,38126,32520,0,1
1356,38126,32544,0,1
1357,38126,32568,0,1
1358,38126,32592,0,1
1359,38126,32616,0,1
1360,38126,32640,0,1
1361,38126,32664,0,1
1362,38126,32688,0,1
1363,38126,32712,0,1
1364,38126,32736,0,1
1365,38126,32760,0,1
1366,38126,32784,0,1
1367,38126,32808,0,1
1368,38126,32832,0,1
1369,38126,32856,0,1
1370,38126,32880,0,1
1371,38126,32904,0,1
1372,38126,32928,0,1
1373,38126,32952,0,1
1374,38126,32976,0,1
1375,38126,33000,0,1
1376,38126,33024,0,1
1377,38126,33048,0,1
1378,38126,33072,0,1
1379,38126,33096,0,1
1380,38126,33120,0,1
1381,38126,33144,0,1
1382,38126,33168,0,1
1383,38126,33192,0,1
1384,38126,33216,0,1
1385,38126,33240,0,1
1386,38126,33264,0,1
1387,38126,33288,0,1
1388,38126,33312,0,1
1389,38126,33336,0,1
1390,38126,33360,0,1
1391,38126,33384,0,1
1392,38126,33408,0,1
1393,38126,33432,0,1
1394,38126,33456,0,1
1395,38126,33480,0,1
1396,38126,33504,0,1
1397,38126,33528,0,1
1398,38126,33552,0,1
1399,38126,33576,0,1
1400,38126,33600,0,1
1401,38126,33624,0,1
1402,38126,33648,0,1
1403,38126,33672,0,1
1404,38126,33696,0,1
1405,38126,33720,0,1
1406,38126,33744,0,1
1407,38126,33768,0,1
1408,38126,33792,0,1
1409,38126,33816,0,1
1410,38126,33840,0,1
1411,38126,33864,0,1
1412,38126,33888,0,1
1413,38126,33912,0,1
1414,38126,33936,0,1
1415,38126,33960,0,1
1416,38126,33984,0,1
1417,38126,34008,0,1
1418,38126,34032,0,1
1419,38126,34056,0,1
1420,38126,34080,0,1
1421,38126,34104,0,1
1422,38126,34128,0,1
1423,38126,34152,0,1
1424,38126,34176,0,1
1425,38126,34200,0,1
1426,38126,34224,0,1
1427,38126,34248,0,1
1428,38126,34272,0,1
1429,38126,34296,0,1
1430,38126,34320,0,1
1431,38126,34344,0,1
1432,38126,34368,0,1
1433,38126,34392,0,1
1434,38126,34416,0,1
1435,38126,34440,0,1
1436,38126,34464,0,1
1437,38126,34488,0,1
1438,38126,34512,0,1
1439,38126,34536,0,1
1440,38126,34560,0,1
1441,38126,34584,0,1
1442,38126,34608,0,1
1443,38126,34632,0,1
1444,38126,34656,0,1
1445,38126,34680,0,1
1446,38126,34704,0,1
1447,38126,34728,0,1
1448,38126,34752,0,1
1449,38126,34776,0,1
1450,38126,34800,0,1
1451,38126,34824,0,1
1452,38126,34848,0,1
1453,38126,34872,0,1
1454,38126,34896,0,1
1455,38126,34920,0,1
1456,38126,34944,0,1
1457,38126,34968,0,1
1458,38126,34992,0,1
1459,38126,35016,0,1
1460,38126,35040,0,1
1461,38126,35064,0,1
1462,38126,35088,0,1
1463,38126,35112,0,1
1464,38126,35136,0,1
1465,38126,35160,0,1
1466,38126,35184,0,1
1467,38126,35208,0,1
1468,38126,35232,0,1
1469,38126,35256,0,1
1470,38126,35280,0,1
1471,38126,35304,0,1
1472,38126,35328,0,1
1473,38126,35352,0,1
1474,38126,35376,0,1
1475,38126,35400,0,1
1476,38126,35424,0,1
1477,38126,35448,0,1
1478,38126,35472,0,1
1479,38126,35496,0,1
1480,38126,35520,0,1
1481,38126,35544,0,1
1482,38126,35568,0,1
1483,38126,35592,0,1
1484,38126,35616,0,1
1485,38126,35640,0,1
1486,38126,35664,0,1
1487,38126,35688,0,1
1488,38126,35712,0,1
1489,38126,35736,0,1
1490,38126,35760,0,1
1491,38126,35784,0,1
1492,38126,35808,0,1
1493,38126,35832,0,1
1494,38126,35856,0,1
1495,38126,35880,0,1
1496,38126,35904,0,1
1497,38126,35928,0,1
1498,38126,35952,0,1
1499,38126,35976,0,1
1500,38126,36000,0,1
1501,38126,36024,0,1
1502,38126,36048,0,1
1503,38126,36072,0,1
1504,38126,36096,0,1
1505,38126,36120,0,1
1506,38126,36144,0,1
1507,38126,36168,0,1
1508,38126,36192,0,1
1509,38126,36216,0,1
1510,38126,36240,0,1
1511,38126,36264,0,1
1512,38126,36288,0,1
1513,38126,36312,0,1
1514,38126,36336,0,1
1515,38126,36360,1,0
1516,38126,36384,1,0
1517,38126,36408,1,0
1518,38126,36432,1,0
1519,38126,36456,1,0
1520,38126,36480,1,0
1521,38126,36504,1,0
1522,38126,36528,1,0
1523,38126,36552,1,0
1524,38126,36576,1,0
1525,38126,36600,1,0
1526,38126,36624,1,0
1527,38126,36648,1,0
1528,38126,36672,1,0
1529,38126,36696,1,0
1530,38126,36720,1,0
1531,38126,36744,1,0
1532,38126,36768,1,0
1533,38126,36792,1,0
1534,38126,36816,1,0
1535,38126,36840,1,0
1536,38126,36864,1,0
1537,38126,36888,1,0
1538,38126,36912,1,0
1539,38126,36936,1,0
1540,38126,36960,1,0
1541,38126,36984,1,0
1542,38126,37008,1,0
1543,38126,37032,1,0
1544,38126,37056,1,0
1545,38126,37080,1,0
1546,38126,37104,1,0
1547,38126,37128,1,0
1548,38126,37152,1,0
1549,38126,37176,1,0
1550,38126,37200,1,0
1551,38126,37224,1,0
1552,38126,37248,1,0
1553,38126,37272,1,0
1554,38126,37296,1,0
1555,38126,37320,1,0
1556,38126,37344,1,0
1557,38126,37368,1,0
1558,38126,37392,1,0
1559,38126,37416,1,0
1560,38126,37440,1,0
1561,38126,37464,1,0
1562,38126,37488,1,0
1563,38126,37512,1,0
1564,38126,37536,1,0
1565,38126,37560,1,0
1566,38126,37584,1,0
1567,38126,37608,1,0
1568,38126,37632,1,0
1569,38126,37656,1,0
1570,38126,37680,1,0
1571,38126,37704,1,0
1572,38126,37728,1,0
1573,38126,37752,1,0
1574,38126,37776,1,0
1575,38126,37800,1,0
1576,38126,37824,0,1
1577,38126,37848,0,1
1578,38126,37872,1,0
1579,38126,37896,0,1
1580,38126,37920,0,1
1581,38126,37944,0,1
1582,38126,37968,1,0
1583,38126,37992,0,1
1584,38126,38016,0,1
1585,38126,38040,0,1
1586,38126,38064,0,1
1587,38126,38088,0,1
1588,38126,38112,0,1
1589,38126,38136,1,0
1590,38126,38160,1,0
1591,38126,38184,1,0
1592,38126,38208,0,1
1593,38126,38232,1,0
1594,38126,38256,0,1
1595,38126,38280,1,0
1596,38126,38304,1,0
1597,38126,38328,1,0
1598,38126,38352,0,1
1599,38126,38376,0,1
1600,38126,38400,0,1
1601,38126,38424,1,0
1602,38126,38448,1,0
1603,38126,38472,0,1
1604,38126,38496,0,1
1605,38126,38520,0,1
1606,38126,38544,0,1
1607,38126,38568,0,1
1608,38126,38592,0,1
1609,38126,38616,0,1
1610,38126,38640,0,1
1611,38126,38664,0,1
1612,38126,38688,1,0
1613,38126,38712,1,0
1614,38126,38736,1,0
1615,38126,38760,1,0
1616,38126,38784,1,0
1617,38126,38808,0,1
1618,38126,38832,0,1
1619,38126,38856,0,1
1620,38126,38880,0,1
1621,38126,38904,0,1
1622,38126,38928,0,1
1623,38126,38952,0,1
1624,38126,38976,1,0
1625,38126,39000,0,1
1626,38126,39024,0,1
1627,38126,39048,0,1
1628,38126,39072,0,1
1629,38126,39096,0,1
1630,38126,39120,0,1
1631,38126,39144,0,1
1632,38126,39168,0,1
1633,38126,39192,0,1
1634,38126,39216,0,1
1635,38126,39240,1,0
1636,38126,39264,0,1
1637,38126,39288,0,1
1638,38126,39312,0,1
1639,38126,39336,0,1
1640,38126,39360,0,1
1641,38126,39384,0,1
1642,38126,39408,0,1
1643,38126,39432,0,1
1644,38126,39456,0,1
1645,38126,39480,0,1
1646,38126,39504,0,1
1647,38126,39528,0,1
1648,38126,39552,0,1
1649,38126,39576,0,1
1650,38126,39600,0,1
1651,38126,39624,0,1
1652,38126,39648,0,1
1653,38126,39672,0,1
1654,38126,39696,0,1
1655,38126,39720,0,1
1656,38126,39744,0,1
1657,38126,39768,0,1
1658,38126,39792,0,1
1659,38126,39816,0,1
1660,38126,39840,0,1
1661,38126,39864,0,1
1662,38126,39888,0,1
1663,38126,39912,0,1
1664,38126,39936,0,1
1665,38126,39960,0,1
1666,38126,39984,0,1
1667,38126,40008,0,1
1668,38126,40032,0,1
1669,38126,40056,0,1
1670,38126,40080,0,1
1671,38126,40104,0,1
1672,38126,40128,0,1
1673,38126,40152,0,1
1674,38126,40176,0,1
1675,38126,40200,0,1
1676,38126,40224,0,1
1677,38126,40248,0,1
1678,38126,40272,0,1
1679,38126,40296,0,1
1680,38126,40320,0,1
1681,38126,40344,0,1
1682,38126,40368,0,1
1683,38126,40392,0,1
1684,38126,40416,0,1
1685,38126,40440,0,1
1686,38126,40464,0,1
1687,38126,40488,0,1
1688,38126,40512,0,1
1689,38126,40536,0,1
1690,38126,40560,0,1
1691,38126,40584,0,1
1692,38126,40608,0,1
1693,38126,40632,0,1
1694,38126,40656,0,1
1695,38126,40680,0,1
1696,38126,40704,0,1
1697,38126,40728,0,1
1698,38126,40752,0,1
1699,38126,40776,0,1
1700,38126,40800,0,1
1701,38126,40824,0,1
1702,38126,40848,0,1
1703,38126,40872,0,1
1704,38126,40896,0,1
1705,38126,40920,0,1
1706,38126,40944,0,1
1707,38126,40968,0,1
1708,38126,40992,0,1
1709,38126,41016,0,1
1710,38126,41040,0,1
1711,38126,41064,0,1
1712,38126,41088,0,1
1713,38126,41112,0,1
1714,38126,41136,0,1
1715,38126,41160,0,1
1716,38126,41184,0,1
1717,38126,41208,0,1
1718,38126,41232,0,1
1719,38126,41256,0,1
1720,38126,41280,0,1
1721,38126,41304,0,1
1722,38126,41328,0,1
1723,38126,41352,0,1
1724,38126,41376,0,1
1725,38126,41400,0,1
1726,38126,41424,0,1
1727,38126,41448,0,1
1728,38126,41472,0,1
1729,38126,41496,0,1
1730,38126,41520,0,1
1731,38126,41544,0,1
1732,38126,41568,0,1
1733,38126,41592,0,1
1734,38126,41616,0,1
1735,38126,41640,0,1
1736,38126,41664,0,1
1737,38126,41688,0,1
1738,38126,41712,0,1
1739,38126,41736,0,1
1740,38126,41760,0,1
1741,38126,41784,0,1
1742,38126,41808,0,1
1743,38126,41832,1,0
1744,38126,41856,0,1
1745,38126,41880,0,1
1746,38126,41904,0,1
1747,38126,41928,0,1
1748,38126,41952,0,1
1749,38126,41976,0,1
1750,38126,42000,0,1
1751,38126,42024,0,1
1752,38126,42048,0,1
1753,38126,42072,0,1
1754,38126,42096,0,1
1755,38126,42120,0,1
1756,38126,42144,0,1
1757,38126,42168,0,1
1758,38126,42192,0,1
1759,38126,42216,0,1
1760,38126,42240,0,1
1761,38126,42264,0,1
1762,38126,42288,0,1
1763,38126,42312,0,1
1764,38126,42336,0,1
1765,38126,42360,0,1
1766,38126,42384,0,1
1767,38126,42408,0,1
1768,38126,42432,0,1
1769,38126,42456,0,1
1770,38126,42480,0,1
1771,38126,42504,0,1
1772,38126,42528,0,1
1773,38126,42552,0,1
1774,38126,42576,0,1
1775,38126,42600,0,1
1776,38126,42624,0,1
1777,38126,42648,0,1
1778,38126,42672,0,1
1779,38126,42696,0,1
1780,38126,42720,0,1
1781,38126,42744,0,1
1782,38126,42768,0,1
1783,38126,42792,0,1
1784,38126,42816,0,1
1785,38126,42840,0,1
1786,38126,42864,0,1
1787,38126,42888,0,1
1788,38126,42912,0,1
1789,38126,42936,0,1
1790,38126,42960,0,1
1791,38126,42984,0,1
1792,38126,43008,0,1
1793,38126,43032,0,1
1794,38126,43056,0,1
1795,38126,43080,1,0
1796,38126,43104,0,1
1797,38126,43128,0,1
1798,38126,43152,0,1
1799,38126,43176,0,1
1800,38126,43200,0,1
1801,38126,43224,0,1
1802,38126,43248,0,1
1803,38126,43272,0,1
1804,38126,43296,0,1
1805,38126,43320,0,1
1806,38126,43344,0,1
1807,38126,43368,0,1
1808,38126,43392,0,1
1809,38126,43416,0,1
1810,38126,43440,0,1
1811,38126,43464,0,1
1812,38126,43488,0,1
1813,38126,43512,0,1
1814,38126,43536,0,1
1815,38126,43560,0,1
1816,38126,43584,0,1
1817,38126,43608,0,1
1818,38126,43632,0,1
1819,38126,43656,0,1
1820,38126,43680,0,1
1821,38126,43704,0,1
1822,38126,43728,0,1
1823,38126,43752,0,1
1824,38126,43776,0,1
1825,38126,43800,0,1
1826,38126,43824,0,1
1827,38126,43848,0,1
1828,38126,43872,0,1
1829,38126,43896,0,1
1830,38126,43920,0,1
1831,38126,43944,0,1
1832,38126,43968,0,1
1833,38126,43992,0,1
1834,38126,44016,0,1
1835,38126,44040,0,1
1836,38126,44064,0,1
1837,38126,44088,0,1
1838,38126,44112,0,1
1839,38126,44136,0,1
1840,38126,44160,0,1
1841,38126,44184,0,1
1842,38126,44208,0,1
1843,38126,44232,0,1
1844,38126,44256,0,1
1845,38126,44280,0,1
1846,38126,44304,0,1
1847,38126,44328,0,1
1848,38126,44352,0,1
1849,38126,44376,0,1
1850,38126,44400,0,1
1851,38126,44424,0,1
1852,38126,44448,0,1
1853,38126,44472,0,1
1854,38126,44496,0,1
1855,38126,44520,0,1
1856,38126,44544,0,1
1857,38126,44568,0,1
1858,38126,44592,0,1
1859,38126,44616,0,1
1860,38126,44640,0,1
1861,38126,44664,0,1
1862,38126,44688,0,1
1863,38126,44712,0,1
1864,38126,44736,0,1
1865,38126,44760,0,1
1866,38126,44784,0,1
1867,38126,44808,0,1
1868,38126,44832,0,1
1869,38126,44856,0,1
1870,38126,44880,0,1
1871,38126,44904,0,1
1872,38126,44928,0,1
1873,38126,44952,0,1
1874,38126,44976,0,1
1875,38126,45000,0,1
1876,38126,45024,0,1
1877,38126,45048,0,1
1878,38126,45072,0,1
1879,38126,45096,0,1
1880,38126,45120,0,1
1881,38126,45144,0,1
1882,38126,45168,0,1
1883,38126,45192,0,1
1884,38126,45216,0,1
1885,38126,45240,0,1
1886,38126,45264,0,1
1887,38126,45288,0,1
1888,38126,45312,0,1
1889,38126,45336,0,1
1890,38126,45360,0,1
1891,38126,45384,0,1
1892,38126,45408,0,1
1893,38126,45432,0,1
1894,38126,45456,0,1
1895,38126,45480,0,1
1896,38126,45504,0,1
1897,38126,45528,0,1
1898,38126,45552,0,1
1899,38126,45576,0,1
1900,38126,45600,0,1
1901,38126,45624,0,1
1902,38126,45648,0,1
1903,38126,45672,0,1
1904,38126,45696,0,1
1905,38126,45720,0,1
1906,38126,45744,0,1
1907,38126,45768,0,1
1908,38126,45792,0,1
1909,38126,45816,0,1
1910,38126,45840,0,1
1911,38126,45864,0,1
1912,38126,45888,0,1
1913,38126,45912,0,1
1914,38126,45936,0,1
1915,38126,45960,0,1
1916,38126,45984,0,1
1917,38126,46008,0,1
1918,38126,46032,0,1
1919,38126,46056,0,1
1920,38126,46080,0,1
1921,38126,46104,0,1
1922,38126,46128,0,1
1923,38126,46152,0,1
1924,38126,46176,0,1
1925,38126,46200,0,1
1926,38126,46224,0,1
1927,38126,46248,0,1
1928,38126,46272,0,1
1929,38126,46296,0,1
1930,38126,46320,0,1
1931,38126,46344,0,1
1932,38126,46368,0,1
1933,38126,46392,0,1
1934,38126,46416,0,1
1935,38126,46440,0,1
1936,38126,46464,0,1
1937,38126,46488,0,1
1938,38126,46512,0,1
1939,38126,46536,0,1
1940,38126,46560,0,1
1941,38126,46584,0,1
1942,38126,46608,0,1
1943,38126,46632,0,1
1944,38126,46656,0,1
1945,38126,46680,0,1
1946,38126,46704,0,1
1947,38126,46728,0,1
1948,38126,46752,0,1
1949,38126,46776,0,1
1950,38126,46800,0,1
1951,38126,46824,0,1
1952,38126,46848,0,1
1953,38126,46872,0,1
1954,38126,46896,0,1
1955,38126,46920,0,1
1956,38126,46944,0,1
1957,38126,46968,0,1
1958,38126,46992,0,1
1959,38126,47016,0,1
1960,38126,47040,0,1
1961,38126,47064,0,1
1962,38126,47088,0,1
1963,38126,47112,0,1
1964,38126,47136,0,1
1965,38126,47160,0,1
1966,38126,47184,0,1
1967,38126,47208,0,1
1968,38126,47232,0,1
1969,38126,47256,0,1
1970,38126,47280,0,1
1971,38126,47304,0,1
1972,38126,47328,0,1
1973,38126,47352,0,1
1974,38126,47376,0,1
1975,38126,47400,0,1
1976,38126,47424,0,1
1977,38126,47448,0,1
1978,38126,47472,0,1
1979,38126,47496,0,1
1980,38126,47520,0,1
1981,38126,47544,0,1
1982,38126,47568,0,1
1983,38126,47592,0,1
1984,38126,47616,0,1
1985,38126,47640,0,1
1986,38126,47664,0,1
1987,38126,47688,0,1
1988,38126,47712,0,1
1989,38126,47736,0,1
1990,38126,47760,0,1
1991,38126,47784,0,1
1992,38126,47808,0,1
1993,38126,47832,0,1
1994,38126,47856,0,1
1995,38126,47880,0,1
1996,38126,47904,0,1
1997,38126,47928,0,1
1998,38126,47952,0,1
1999,38126,47976,0,1
2000,38126,48000,0,1
2001,38126,48024,0,1
2002,38126,48048,0,1
2003,38126,48072,0,1
2004,38126,48096,0,1
2005,38126,48120,0,1
2006,38126,48144,0,1
2007,38126,48168,0,1
2008,38126,48192,0,1
2009,38126,48216,0,1
2010,38126,48240,0,1
2011,38126,48264,0,1
2012,38126,48288,0,1
2013,38126,48312,0,1
2014,38126,48336,0,1
2015,38126,48360,0,1
2016,38126,48384,0,1
2017,38126,48408,0,1
2018,38126,48432,0,1
2019,38126,48456,0,1
2020,38126,48480,0,1
2021,38126,48504,0,1
2022,38126,48528,0,1
2023,38126,48552,0,1
2024,38126,48576,0,1
2025,38126,48600,0,1
2026,38126,48624,0,1
2027,38126,48648,0,1
2028,38126,48672,0,1
2029,38126,48696,0,1
2030,38126,48720,0,1
2031,38126,48744,0,1
2032,38126,48768,0,1
2033,38126,48792,0,1
2034,38126,48816,0,1
2035,38126,48840,0,1
2036,38126,48864,0,1
2037,38126,48888,0,1
2038,38126,48912,0,1
2039,38126,48936,0,1
2040,38126,48960,0,1
2041,38126,48984,0,1
2042,38126,49008,0,1
2043,38126,49032,0,1
2044,38126,49056,0,1
2045,38126,49080,0,1
2046,38126,49104,0,1
2047,38126,49128,0,1
2048,38126,49152,0,1
2049,38126,49176,0,1
2050,38126,49200,0,1
2051,38126,49224,0,1
2052,38126,49248,0,1
2053,38126,49272,0,1
2054,38126,49296,0,1
2055,38126,49320,0,1
2056,38126,49344,0,1
2057,38126,49368,0,1
2058,38126,49392,0,1
2059,38126,49416,0,1
2060,38126,49440,0,1
2061,38126,49464,0,1
2062,38126,49488,0,1
2063,38126,49512,0,1
2064,38126,49536,0,1
2065,38126,49560,0,1
2066,38126,49584,0,1
2067,38126,49608,0,1
2068,38126,49632,0,1
2069,38126,49656,0,1
2070,38126,49680,0,1
2071,38126,49704,0,1
2072,38126,49728,0,1
2073,38126,49752,0,1
2074,38126,49776,0,1
2075,38126,49800,0,1
2076,38126,49824,0,1
2077,38126,49848,0,1
2078,38126,49872,0,1
2079,38126,49896,0,1
2080,38126,49920,0,1
2081,38126,49944,0,1
2082,38126,49968,0,1
2083,38126,49992,0,1
2084,38126,50016,0,1
2085,38126,50040,0,1
2086,38126,50064,0,1
2087,38126,50088,0,1
2088,38126,50112,0,1
2089,38126,50136,0,1
2090,38126,50160,0,1
2091,38126,50184,0,1
2092,38126,50208,0,1
2093,38126,50232,0,1
2094,38126,50256,0,1
2095,38126,50280,0,1
2096,38126,50304,0,1
2097,38126,50328,0,1
2098,38126,50352,0,1
2099,38126,50376,0,1
2100,38126,50400,0,1
2101,38126,50424,0,1
2102,38126,50448,0,1
2103,38126,50472,0,1
2104,38126,50496,0,1
2105,38126,50520,0,1
2106,38126,50544,0,1
2107,38126,50568,0,1
2108,38126,50592,0,1
2109,38126,50616,0,1
2110,38126,50640,0,1
2111,38126,50664,0,1
2112,38126,50688,0,1
2113,38126,50712,0,1
2114,38126,50736,0,1
2115,38126,50760,0,1
2116,38126,50784,0,1
2117,38126,50808,0,1
2118,38126,50832,0,1
2119,38126,50856,0,1
2120,38126,50880,0,1
2121,38126,50904,0,1
2122,38126,50928,0,1
2123,38126,50952,0,1
2124,38126,50976,0,1
2125,38126,51000,0,1
2126,38126,51024,0,1
2127,38126,51048,0,1
2128,38126,51072,0,1
2129,38126,51096,0,1
2130,38126,51120,0,1
2131,38126,51144,0,1
2132,38126,51168,0,1
2133,38126,51192,0,1
2134,38126,51216,0,1
2135,38126,51240,0,1
2136,38126,51264,0,1
2137,38126,51288,0,1
2138,38126,51312,0,1
2139,38126,51336,0,1
2140,38126,51360,0,1
2141,38126,51384,0,1
2142,38126,51408,0,1
2143,38126,51432,0,1
2144,38126,51456,0,1
2145,38126,51480,0,1
2146,38126,51504,0,1
2147,38126,51528,0,1
2148,38126,51552,0,1
2149,38126,51576,0,1
2150,38126,51600,0,1
2151,38126,51624,0,1
2152,38126,51648,0,1
2153,38126,51672,0,1
2154,38126,51696,0,1
2155,38126,51720,0,1
2156,38126,51744,0,1
2157,38126,51768,0,1
2158,38126,51792,0,1
2159,38126,51816,0,1
2160,38126,51840,0,1
2161,38126,51864,0,1
2162,38126,51888,0,1
2163,38126,51912,0,1
2164,38126,51936,0,1
2165,38126,51960,0,1
2166,38126,51984,0,1
2167,38126,52008,0,1
2168,38126,52032,0,1
2169,38126,52056,0,1
2170,38126,52080,0,1
2171,38126,52104,0,1
2172,38126,52128,0,1
2173,38126,52152,0,1
2174,38126,52176,0,1
2175,38126,52200,0,1
2176,38126,52224,0,1
2177,38126,52248,0,1
2178,38126,52272,0,1
2179,38126,52296,0,1
2180,38126,52320,0,1
2181,38126,52344,0,1
2182,38126,52368,0,1
2183,38126,52392,0,1
2184,38126,52416,0,1
2185,38126,52440,0,1
2186,38126,52464,0,1
2187,38126,52488,0,1
2188,38126,52512,0,1
2189,38126,52536,0,1
2190,38126,52560,0,1
2191,38126,52584,0,1
2192,38126,52608,0,1
2193,38126,52632,0,1
2194,38126,52656,0,1
2195,38126,52680,0,1
2196,38126,52704,0,1
2197,38126,52728,0,1
2198,38126,52752,0,1
2199,38126,52776,0,1
2200,38126,52800,0,1
2201,38126,52824,0,1
2202,38126,52848,0,1
2203,38126,52872,0,1
2204,38126,52896,1,0
2205,38126,52920,1,0
2206,38126,52944,1,0
2207,38126,52968,0,1
2208,38126,52992,0,1
2209,38126,53016,0,1
2210,38126,53040,0,1
2211,38126,53064,0,1
2212,38126,53088,0,1
2213,38126,53112,0,1
2214,38126,53136,0,1
2215,38126,53160,0,1
2216,38126,53184,0,1
2217,38126,53208,0,1
2218,38126,53232,0,1
2219,38126,53256,0,1
2220,38126,53280,0,1
2221,38126,53304,0,1
2222,38126,53328,0,1
2223,38126,53352,0,1
2224,38126,53376,0,1
2225,38126,53400,0,1
2226,38126,53424,0,1
2227,38126,53448,0,1
2228,38126,53472,0,1
2229,38126,53496,0,1
2230,38126,53520,0,1
2231,38126,53544,0,1
2232,38126,53568,0,1
2233,38126,53592,0,1
2234,38126,53616,0,1
2235,38126,53640,0,1
2236,38126,53664,0,1
2237,38126,53688,0,1
2238,38126,53712,0,1
2239,38126,53736,0,1
2240,38126,53760,0,1
2241,38126,53784,0,1
2242,38126,53808,0,1
2243,38126,53832,0,1
2244,38126,53856,0,1
2245,38126,53880,0,1
2246,38126,53904,0,1
2247,38126,53928,0,1
2248,38126,53952,0,1
2249,38126,53976,0,1
2250,38126,54000,0,1
2251,38126,54024,0,1
2252,38126,54048,0,1
2253,38126,54072,0,1
2254,38126,54096,1,0
2255,38126,54120,0,1
2256,38126,54144,1,0
2257,38126,54168,0,1
2258,38126,54192,0,1
2259,38126,54216,0,1
2260,38126,54240,0,1
2261,38126,54264,0,1
2262,38126,54288,0,1
2263,38126,54312,0,1
2264,38126,54336,0,1
2265,38126,54360,0,1
2266,38126,54384,0,1
2267,38126,54408,0,1
2268,38126,54432,0,1
2269,38126,54456,0,1
2270,38126,54480,0,1
2271,38126,54504,0,1
2272,38126,54528,0,1
2273,38126,54552,0,1
2274,38126,54576,0,1
2275,38126,54600,0,1
2276,38126,54624,0,1
2277,38126,54648,0,1
2278,38126,54672,0,1
2279,38126,54696,0,1
2280,38126,54720,0,1
2281,38126,54744,0,1
2282,38126,54768,0,1
2283,38126,54792,0,1
2284,38126,54816,0,1
2285,38126,54840,0,1
2286,38126,54864,1,0
2287,38126,54888,1,0
2288,38126,54912,1,0
2289,38126,54936,1,0
2290,38126,54960,1,0
2291,38126,54984,0,1
2292,38126,55008,1,0
2293,38126,55032,0,1
2294,38126,55056,0,1
2295,38126,55080,0,1
2296,38126,55104,0,1
2297,38126,55128,0,1
2298,38126,55152,0,1
2299,38126,55176,0,1
2300,38126,55200,0,1
2301,38126,55224,0,1
2302,38126,55248,0,1
2303,38126,55272,0,1
2304,38126,55296,0,1
2305,38126,55320,1,0
2306,38126,55344,0,1
2307,38126,55368,0,1
2308,38126,55392,1,0
2309,38126,55416,0,1
2310,38126,55440,0,1
2311,38126,55464,0,1
2312,38126,55488,0,1
2313,38126,55512,0,1
2314,38126,55536,0,1
2315,38126,55560,1,0
2316,38126,55584,0,1
2317,38126,55608,0,1
2318,38126,55632,0,1
2319,38126,55656,0,1
2320,38126,55680,0,1
2321,38126,55704,0,1
2322,38126,55728,0,1
2323,38126,55752,0,1
2324,38126,55776,0,1
2325,38126,55800,0,1
2326,38126,55824,0,1
2327,38126,55848,0,1
2328,38126,55872,0,1
2329,38126,55896,0,1
2330,38126,55920,0,1
2331,38126,55944,0,1
2332,38126,55968,0,1
2333,38126,55992,0,1
2334,38126,56016,0,1
2335,38126,56040,0,1
2336,38126,56064,0,1
2337,38126,56088,1,0
2338,38126,56112,0,1
2339,38126,56136,0,1
2340,38126,56160,0,1
2341,38126,56184,0,1
2342,38126,56208,0,1
2343,38126,56232,0,1
2344,38126,56256,0,1
2345,38126,56280,0,1
2346,38126,56304,0,1
2347,38126,56328,0,1
2348,38126,56352,0,1
2349,38126,56376,0,1
2350,38126,56400,0,1
2351,38126,56424,0,1
2352,38126,56448,0,1
2353,38126,56472,0,1
2354,38126,56496,0,1
2355,38126,56520,0,1
2356,38126,56544,0,1
2357,38126,56568,0,1
2358,38126,56592,0,1
2359,38126,56616,0,1
2360,38126,56640,0,1
2361,38126,56664,0,1
2362,38126,56688,1,0
2363,38126,56712,1,0
2364,38126,56736,1,0
2365,38126,56760,1,0
2366,38126,56784,0,1
2367,38126,56808,1,0
2368,38126,56832,1,0
2369,38126,56856,1,0
2370,38126,56880,1,0
2371,38126,56904,1,0
2372,38126,56928,1,0
2373,38126,56952,1,0
2374,38126,56976,1,0
2375,38126,57000,0,1
2376,38126,57024,1,0
2377,38126,57048,0,1
2378,38126,57072,0,1
2379,38126,57096,0,1
2380,38126,57120,1,0
2381,38126,57144,1,0
2382,38126,57168,1,0
2383,38126,57192,1,0
2384,38126,57216,1,0
2385,38126,57240,1,0
2386,38126,57264,1,0
2387,38126,57288,0,1
2388,38126,57312,0,1
2389,38126,57336,1,0
2390,38126,57360,0,1
2391,38126,57384,0,1
2392,38126,57408,1,0
2393,38126,57432,1,0
2394,38126,57456,1,0
2395,38126,57480,0,1
2396,38126,57504,1,0
2397,38126,57528,1,0
2398,38126,57552,1,0
2399,38126,57576,0,1
2400,38126,57600,1,0
2401,38126,57624,1,0
2402,38126,57648,0,1
2403,38126,57672,0,1
2404,38126,57696,0,1
2405,38126,57720,0,1
2406,38126,57744,0,1
2407,38126,57768,0,1
2408,38126,57792,0,1
2409,38126,57816,1,0
2410,38126,57840,0,1
2411,38126,57864,0,1
2412,38126,57888,0,1
2413,38126,57912,0,1
2414,38126,57936,0,1
2415,38126,57960,0,1
2416,38126,57984,0,1
2417,38126,58008,0,1
2418,38126,58032,0,1
2419,38126,58056,0,1
2420,38126,58080,0,1
2421,38126,58104,0,1
2422,38126,58128,0,1
2423,38126,58152,0,1
2424,38126,58176,0,1
2425,38126,58200,0,1
2426,38126,58224,0,1
2427,38126,58248,0,1
2428,38126,58272,0,1
2429,38126,58296,0,1
2430,38126,58320,0,1
2431,38126,58344,0,1
2432,38126,58368,0,1
2433,38126,58392,0,1
2434,38126,58416,0,1
2435,38126,58440,0,1
2436,38126,58464,0,1
2437,38126,58488,0,1
2438,38126,58512,0,1
2439,38126,58536,0,1
2440,38126,58560,0,1
2441,38126,58584,0,1
2442,38126,58608,0,1
2443,38126,58632,0,1
2444,38126,58656,0,1
2445,38126,58680,0,1
2446,38126,58704,0,1
2447,38126,58728,0,1
2448,38126,58752,0,1
2449,38126,58776,0,1
2450,38126,58800,0,1
2451,38126,58824,0,1
2452,38126,58848,0,1
2453,38126,58872,0,1
2454,38126,58896,0,1
2455,38126,58920,1,0
2456,38126,58944,0,1
2457,38126,58968,0,1
2458,38126,58992,0,1
2459,38126,59016,0,1
2460,38126,59040,0,1
2461,38126,59064,0,1
2462,38126,59088,0,1
2463,38126,59112,0,1
2464,38126,59136,0,1
2465,38126,59160,0,1
2466,38126,59184,0,1
2467,38126,59208,0,1
2468,38126,59232,0,1
2469,38126,59256,0,1
2470,38126,59280,0,1
2471,38126,59304,0,1
2472,38126,59328,0,1
2473,38126,59352,0,1
2474,38126,59376,0,1
2475,38126,59400,0,1
2476,38126,59424,0,1
2477,38126,59448,0,1
2478,38126,59472,0,1
2479,38126,59496,0,1
2480,38126,59520,0,1
2481,38126,59544,0,1
2482,38126,59568,0,1
2483,38126,59592,0,1
2484,38126,59616,0,1
2485,38126,59640,0,1
2486,38126,59664,0,1
2487,38126,59688,0,1
2488,38126,59712,0,1
2489,38126,59736,0,1
2490,38126,59760,0,1
2491,38126,59784,0,1
2492,38126,59808,0,1
2493,38126,59832,0,1
2494,38126,59856,0,1
2495,38126,59880,0,1
2496,38126,59904,0,1
2497,38126,59928,0,1
2498,38126,59952,0,1
2499,38126,59976,0,1
2500,38126,60000,0,1
2501,38126,60024,0,1
2502,38126,60048,0,1
2503,38126,60072,0,1
2504,38126,60096,0,1
2505,38126,60120,0,1
2506,38126,60144,0,1
2507,38126,60168,0,1
2508,38126,60192,0,1
2509,38126,60216,0,1
2510,38126,60240,0,1
2511,38126,60264,0,1
2512,38126,60288,0,1
2513,38126,60312,0,1
2514,38126,60336,0,1
2515,38126,60360,0,1
2516,38126,60384,0,1
2517,38126,60408,0,1
2518,38126,60432,0,1
2519,38126,60456,0,1
2520,38126,60480,0,1
2521,38126,60504,0,1
2522,38126,60528,0,1
2523,38126,60552,0,1
2524,38126,60576,0,1
2525,38126,60600,0,1
2526,38126,60624,0,1
2527,38126,60648,0,1
2528,38126,60672,0,1
2529,38126,60696,0,1
2530,38126,60720,0,1
2531,38126,60744,0,1
2532,38126,60768,0,1
2533,38126,60792,0,1
2534,38126,60816,0,1
2535,38126,60840,0,1
2536,38126,60864,0,1
2537,38126,60888,0,1
2538,38126,60912,0,1
2539,38126,60936,0,1
2540,38126,60960,0,1
2541,38126,60984,0,1
2542,38126,61008,0,1
2543,38126,61032,0,1
2544,38126,61056,0,1
2545,38126,61080,0,1
2546,38126,61104,0,1
2547,38126,61128,0,1
2548,38126,61152,0,1
2549,38126,61176,0,1
2550,38126,61200,0,1
2551,38126,61224,0,1
2552,38126,61248,0,1
2553,38126,61272,0,1
2554,38126,61296,0,1
2555,38126,61320,0,1
2556,38126,61344,0,1
2557,38126,61368,0,1
2558,38126,61392,0,1
2559,38126,61416,0,1
2560,38126,61440,0,1
2561,38126,61464,0,1
2562,38126,61488,0,1
2563,38126,61512,0,1
2564,38126,61536,0,1
2565,38126,61560,0,1
2566,38126,61584,0,1
2567,38126,61608,0,1
2568,38126,61632,0,1
2569,38126,61656,0,1
2570,38126,61680,0,1
2571,38126,61704,0,1
2572,38126,61728,0,1
2573,38126,61752,0,1
2574,38126,61776,0,1
2575,38126,61800,0,1
2576,38126,61824,0,1
2577,38126,61848,0,1
2578,38126,61872,0,1
2579,38126,61896,0,1
2580,38126,61920,0,1
2581,38126,61944,0,1
2582,38126,61968,0,1
2583,38126,61992,0,1
2584,38126,62016,0,1
2585,38126,62040,0,1
2586,38126,62064,0,1
2587,38126,62088,0,1
2588,38126,62112,0,1
2589,38126,62136,0,1
2590,38126,62160,0,1
2591,38126,62184,0,1
2592,38126,62208,0,1
2593,38126,62232,0,1
2594,38126,62256,0,1
2595,38126,62280,0,1
2596,38126,62304,0,1
2597,38126,62328,0,1
2598,38126,62352,0,1
2599,38126,62376,0,1
2600,38126,62400,0,1
2601,38126,62424,0,1
2602,38126,62448,0,1
2603,38126,62472,0,1
2604,38126,62496,0,1
2605,38126,62520,0,1
2606,38126,62544,0,1
2607,38126,62568,0,1
2608,38126,62592,0,1
2609,38126,62616,0,1
2610,38126,62640,0,1
2611,38126,62664,0,1
2612,38126,62688,0,1
2613,38126,62712,0,1
2614,38126,62736,0,1
2615,38126,62760,0,1
2616,38126,62784,0,1
2617,38126,62808,0,1
2618,38126,62832,0,1
2619,38126,62856,0,1
2620,38126,62880,0,1
2621,38126,62904,0,1
2622,38126,62928,0,1
2623,38126,62952,0,1
2624,38126,62976,0,1
2625,38126,63000,0,1
2626,38126,63024,0,1
2627,38126,63048,0,1
2628,38126,63072,0,1
2629,38126,63096,0,1
2630,38126,63120,0,1
2631,38126,63144,0,1
2632,38126,63168,0,1
2633,38126,63192,0,1
2634,38126,63216,0,1
2635,38126,63240,0,1
2636,38126,63264,0,1
2637,38126,63288,0,1
2638,38126,63312,0,1
2639,38126,63336,1,0
2640,38126,63360,1,0
2641,38126,63384,0,1
2642,38126,63408,0,1
2643,38126,63432,1,0
2644,38126,63456,1,0
2645,38126,63480,1,0
2646,38126,63504,1,0
2647,38126,63528,1,0
2648,38126,63552,1,0
2649,38126,63576,1,0
2650,38126,63600,1,0
2651,38126,63624,1,0
2652,38126,63648,1,0
2653,38126,63672,1,0
2654,38126,63696,1,0
2655,38126,63720,0,1
2656,38126,63744,0,1
2657,38126,63768,0,1
2658,38126,63792,0,1
2659,38126,63816,0,1
2660,38126,63840,0,1
2661,38126,63864,0,1
2662,38126,63888,0,1
2663,38126,63912,1,0
2664,38126,63936,1,0
2665,38126,63960,1,0
2666,38126,63984,1,0
2667,38126,64008,1,0
2668,38126,64032,1,0
2669,38126,64056,1,0
2670,38126,64080,1,0
2671,38126,64104,1,0
2672,38126,64128,1,0
2673,38126,64152,1,0
2674,38126,64176,0,1
2675,38126,64200,0,1
2676,38126,64224,0,1
2677,38126,64248,0,1
2678,38126,64272,0,1
2679,38126,64296,0,1
2680,38126,64320,0,1
2681,38126,64344,0,1
2682,38126,64368,0,1
2683,38126,64392,0,1
2684,38126,64416,0,1
2685,38126,64440,0,1
2686,38126,64464,0,1
2687,38126,64488,0,1
2688,38126,64512,0,1
2689,38126,64536,0,1
2690,38126,64560,0,1
2691,38126,64584,0,1
2692,38126,64608,0,1
2693,38126,64632,1,0
2694,38126,64656,1,0
2695,38126,64680,1,0
2696,38126,64704,0,1
2697,38126,64728,0,1
2698,38126,64752,0,1
2699,38126,64776,0,1
2700,38126,64800,0,1
2701,38126,64824,0,1
2702,38126,64848,0,1
2703,38126,64872,0,1
2704,38126,64896,0,1
2705,38126,64920,0,1
2706,38126,64944,0,1
2707,38126,64968,0,1
2708,38126,64992,0,1
2709,38126,65016,0,1
2710,38126,65040,0,1
2711,38126,65064,0,1
2712,38126,65088,0,1
2713,38126,65112,0,1
2714,38126,65136,1,0
2715,38126,65160,1,0
2716,38126,65184,0,1
2717,38126,65208,0,1
2718,38126,65232,0,1
2719,38126,65256,0,1
2720,38126,65280,0,1
2721,38126,65304,0,1
2722,38126,65328,0,1
2723,38126,65352,0,1
2724,38126,65376,0,1
2725,38126,65400,0,1
2726,38126,65424,0,1
2727,38126,65448,0,1
2728,38126,65472,0,1
2729,38126,65496,0,1
2730,38126,65520,0,1
2731,38126,65544,0,1
2732,38126,65568,0,1
2733,38126,65592,0,1
2734,38126,65616,0,1
2735,38126,65640,0,1
2736,38126,65664,0,1
2737,38126,65688,0,1
2738,38126,65712,0,1
2739,38126,65736,0,1
2740,38126,65760,0,1
2741,38126,65784,0,1
2742,38126,65808,0,1
2743,38126,65832,0,1
2744,38126,65856,0,1
2745,38126,65880,0,1
2746,38126,65904,0,1
2747,38126,65928,0,1
2748,38126,65952,0,1
2749,38126,65976,0,1
2750,38126,66000,0,1
2751,38126,66024,0,1
2752,38126,66048,0,1
2753,38126,66072,0,1
2754,38126,66096,0,1
2755,38126,66120,0,1
2756,38126,66144,0,1
2757,38126,66168,0,1
2758,38126,66192,0,1
2759,38126,66216,0,1
2760,38126,66240,0,1
2761,38126,66264,0,1
2762,38126,66288,0,1
2763,38126,66312,0,1
2764,38126,66336,0,1
2765,38126,66360,0,1
2766,38126,66384,0,1
2767,38126,66408,0,1
2768,38126,66432,0,1
2769,38126,66456,0,1
2770,38126,66480,0,1
2771,38126,66504,0,1
2772,38126,66528,0,1
2773,38126,66552,0,1
2774,38126,66576,0,1
2775,38126,66600,0,1
2776,38126,66624,0,1
2777,38126,66648,0,1
2778,38126,66672,0,1
2779,38126,66696,0,1
2780,38126,66720,0,1
2781,38126,66744,0,1
2782,38126,66768,0,1
2783,38126,66792,0,1
2784,38126,66816,0,1
2785,38126,66840,0,1
2786,38126,66864,0,1
2787,38126,66888,0,1
2788,38126,66912,0,1
2789,38126,66936,0,1
2790,38126,66960,0,1
2791,38126,66984,0,1
2792,38126,67008,0,1
2793,38126,67032,0,1
2794,38126,67056,0,1
2795,38126,67080,0,1
2796,38126,67104,0,1
2797,38126,67128,0,1
2798,38126,67152,0,1
2799,38126,67176,0,1
2800,38126,67200,0,1
2801,38126,67224,0,1
2802,38126,67248,0,1
2803,38126,67272,0,1
2804,38126,67296,0,1
2805,38126,67320,0,1
2806,38126,67344,0,1
2807,38126,67368,0,1
2808,38126,67392,0,1
2809,38126,67416,0,1
2810,38126,67440,0,1
2811,38126,67464,0,1
2812,38126,67488,0,1
2813,38126,67512,0,1
2814,38126,67536,0,1
2815,38126,67560,0,1
2816,38126,67584,0,1
2817,38126,67608,0,1
2818,38126,67632,0,1
2819,38126,67656,0,1
2820,38126,67680,0,1
2821,38126,67704,0,1
2822,38126,67728,1,0
2823,38126,67752,0,1
2824,38126,67776,0,1
2825,38126,67800,0,1
2826,38126,67824,0,1
2827,38126,67848,0,1
2828,38126,67872,0,1
2829,38126,67896,0,1
2830,38126,67920,0,1
2831,38126,67944,0,1
2832,38126,67968,0,1
2833,38126,67992,0,1
2834,38126,68016,0,1
2835,38126,68040,0,1
2836,38126,68064,0,1
2837,38126,68088,0,1
2838,38126,68112,1,0
2839,38126,68136,0,1
2840,38126,68160,1,0
2841,38126,68184,0,1
2842,38126,68208,0,1
2843,38126,68232,0,1
2844,38126,68256,0,1
2845,38126,68280,0,1
2846,38126,68304,0,1
2847,38126,68328,0,1
2848,38126,68352,0,1
2849,38126,68376,0,1
2850,38126,68400,0,1
2851,38126,68424,0,1
2852,38126,68448,0,1
2853,38126,68472,0,1
2854,38126,68496,0,1
2855,38126,68520,0,1
2856,38126,68544,0,1
2857,38126,68568,0,1
2858,38126,68592,0,1
2859,38126,68616,0,1
2860,38126,68640,0,1
2861,38126,68664,0,1
2862,38126,68688,0,1
2863,38126,68712,0,1
2864,38126,68736,0,1
2865,38126,68760,0,1
2866,38126,68784,0,1
2867,38126,68808,0,1
2868,38126,68832,0,1
2869,38126,68856,0,1
2870,38126,68880,0,1
2871,38126,68904,0,1
2872,38126,68928,0,1
2873,38126,68952,0,1
2874,38126,68976,0,1
2875,38126,69000,0,1
2876,38126,69024,0,1
2877,38126,69048,0,1
2878,38126,69072,0,1
2879,38126,69096,0,1
2880,38126,69120,0,1
2881,38126,69144,0,1
2882,38126,69168,0,1
2883,38126,69192,0,1
2884,38126,69216,0,1
2885,38126,69240,0,1
2886,38126,69264,0,1
2887,38126,69288,0,1
2888,38126,69312,0,1
2889,38126,69336,0,1
2890,38126,69360,0,1
2891,38126,69384,0,1
2892,38126,69408,0,1
2893,38126,69432,0,1
2894,38126,69456,0,1
2895,38126,69480,0,1
2896,38126,69504,0,1
2897,38126,69528,0,1
2898,38126,69552,0,1
2899,38126,69576,0,1
2900,38126,69600,0,1
2901,38126,69624,0,1
2902,38126,69648,0,1
2903,38126,69672,0,1
2904,38126,69696,0,1
2905,38126,69720,0,1
2906,38126,69744,0,1
2907,38126,69768,0,1
2908,38126,69792,0,1
2909,38126,69816,0,1
2910,38126,69840,0,1
2911,38126,69864,0,1
2912,38126,69888,0,1
2913,38126,69912,0,1
2914,38126,69936,0,1
2915,38126,69960,0,1
2916,38126,69984,0,1
2917,38126,70008,0,1
2918,38126,70032,0,1
2919,38126,70056,0,1
2920,38126,70080,0,1
2921,38126,70104,0,1
2922,38126,70128,0,1
2923,38126,70152,0,1
2924,38126,70176,0,1
2925,38126,70200,0,1
2926,38126,70224,0,1
2927,38126,70248,0,1
2928,38126,70272,0,1
2929,38126,70296,0,1
2930,38126,70320,0,1
2931,38126,70344,0,1
2932,38126,70368,0,1
2933,38126,70392,0,1
2934,38126,70416,0,1
2935,38126,70440,0,1
2936,38126,70464,0,1
2937,38126,70488,0,1
2938,38126,70512,0,1
2939,38126,70536,0,1
2940,38126,70560,0,1
2941,38126,70584,0,1
2942,38126,70608,0,1
2943,38126,70632,0,1
2944,38126,70656,0,1
2945,38126,70680,0,1
2946,38126,70704,0,1
2947,38126,70728,0,1
2948,38126,70752,0,1
2949,38126,70776,0,1
2950,38126,70800,0,1
2951,38126,70824,0,1
2952,38126,70848,0,1
2953,38126,70872,0,1
2954,38126,70896,0,1
2955,38126,70920,0,1
2956,38126,70944,0,1
2957,38126,70968,0,1
2958,38126,70992,0,1
2959,38126,71016,0,1
2960,38126,71040,0,1
2961,38126,71064,0,1
2962,38126,71088,0,1
2963,38126,71112,0,1
2964,38126,71136,0,1
2965,38126,71160,0,1
2966,38126,71184,0,1
2967,38126,71208,0,1
2968,38126,71232,0,1
2969,38126,71256,0,1
2970,38126,71280,0,1
2971,38126,71304,0,1
2972,38126,71328,0,1
2973,38126,71352,0,1
2974,38126,71376,0,1
2975,38126,71400,0,1
2976,38126,71424,0,1
2977,38126,71448,0,1
2978,38126,71472,0,1
2979,38126,71496,0,1
2980,38126,71520,0,1
2981,38126,71544,0,1
2982,38126,71568,0,1
2983,38126,71592,0,1
2984,38126,71616,0,1
2985,38126,71640,0,1
2986,38126,71664,0,1
2987,38126,71688,0,1
2988,38126,71712,0,1
2989,38126,71736,0,1
2990,38126,71760,0,1
2991,38126,71784,0,1
2992,38126,71808,0,1
2993,38126,71832,0,1
2994,38126,71856,0,1
2995,38126,71880,0,1
2996,38126,71904,0,1
2997,38126,71928,0,1
2998,38126,71952,0,1
2999,38126,71976,0,1
3000,38126,72000,0,1
3001,38126,72024,0,1
3002,38126,72048,0,1
3003,38126,72072,0,1
3004,38126,72096,0,1
3005,38126,72120,0,1
3006,38126,72144,0,1
3007,38126,72168,0,1
3008,38126,72192,0,1
3009,38126,72216,0,1
3010,38126,72240,0,1
3011,38126,72264,0,1
3012,38126,72288,0,1
3013,38126,72312,0,1
3014,38126,72336,0,1
3015,38126,72360,0,1
3016,38126,72384,0,1
3017,38126,72408,0,1
3018,38126,72432,0,1
3019,38126,72456,0,1
3020,38126,72480,0,1
3021,38126,72504,0,1
3022,38126,72528,0,1
3023,38126,72552,0,1
3024,38126,72576,0,1
3025,38126,72600,0,1
3026,38126,72624,0,1
3027,38126,72648,0,1
3028,38126,72672,0,1
3029,38126,72696,0,1
3030,38126,72720,0,1
3031,38126,72744,0,1
3032,38126,72768,0,1
3033,38126,72792,0,1
3034,38126,72816,0,1
3035,38126,72840,0,1
3036,38126,72864,0,1
3037,38126,72888,0,1
3038,38126,72912,0,1
3039,38126,72936,0,1
3040,38126,72960,0,1
3041,38126,72984,0,1
3042,38126,73008,0,1
3043,38126,73032,0,1
3044,38126,73056,0,1
3045,38126,73080,0,1
3046,38126,73104,0,1
3047,38126,73128,0,1
3048,38126,73152,0,1
3049,38126,73176,0,1
3050,38126,73200,0,1
3051,38126,73224,0,1
3052,38126,73248,0,1
3053,38126,73272,0,1
3054,38126,73296,0,1
3055,38126,73320,0,1
3056,38126,73344,0,1
3057,38126,73368,0,1
3058,38126,73392,0,1
3059,38126,73416,0,1
3060,38126,73440,0,1
3061,38126,73464,0,1
3062,38126,73488,0,1
3063,38126,73512,0,1
3064,38126,73536,0,1
3065,38126,73560,0,1
3066,38126,73584,0,1
3067,38126,73608,0,1
3068,38126,73632,0,1
3069,38126,73656,0,1
3070,38126,73680,0,1
3071,38126,73704,0,1
3072,38126,73728,0,1
3073,38126,73752,0,1
3074,38126,73776,0,1
3075,38126,73800,0,1
3076,38126,73824,0,1
3077,38126,73848,0,1
3078,38126,73872,0,1
3079,38126,73896,0,1
3080,38126,73920,0,1
3081,38126,73944,0,1
3082,38126,73968,0,1
3083,38126,73992,0,1
3084,38126,74016,0,1
3085,38126,74040,0,1
3086,38126,74064,0,1
3087,38126,74088,0,1
3088,38126,74112,0,1
3089,38126,74136,0,1
3090,38126,74160,0,1
3091,38126,74184,0,1
3092,38126,74208,0,1
3093,38126,74232,0,1
3094,38126,74256,0,1
3095,38126,74280,0,1
3096,38126,74304,0,1
3097,38126,74328,0,1
3098,38126,74352,0,1
3099,38126,74376,0,1
3100,38126,74400,0,1
3101,38126,74424,0,1
3102,38126,74448,0,1
3103,38126,74472,0,1
3104,38126,74496,0,1
3105,38126,74520,0,1
3106,38126,74544,0,1
3107,38126,74568,0,1
3108,38126,74592,0,1
3109,38126,74616,0,1
3110,38126,74640,0,1
3111,38126,74664,0,1
3112,38126,74688,0,1
3113,38126,74712,0,1
3114,38126,74736,0,1
3115,38126,74760,0,1
3116,38126,74784,0,1
3117,38126,74808,0,1
3118,38126,74832,0,1
3119,38126,74856,0,1
3120,38126,74880,0,1
3121,38126,74904,0,1
3122,38126,74928,0,1
3123,38126,74952,0,1
3124,38126,74976,0,1
3125,38126,75000,1,0
3126,38126,75024,0,1
3127,38126,75048,0,1
3128,38126,75072,0,1
3129,38126,75096,0,1
3130,38126,75120,0,1
3131,38126,75144,0,1
3132,38126,75168,0,1
3133,38126,75192,0,1
3134,38126,75216,0,1
3135,38126,75240,0,1
3136,38126,75264,0,1
3137,38126,75288,0,1
3138,38126,75312,0,1
3139,38126,75336,0,1
3140,38126,75360,0,1
3141,38126,75384,0,1
3142,38126,75408,0,1
3143,38126,75432,0,1
3144,38126,75456,0,1
3145,38126,75480,0,1
3146,38126,75504,0,1
3147,38126,75528,0,1
3148,38126,75552,0,1
3149,38126,75576,0,1
3150,38126,75600,0,1
3151,38126,75624,0,1
3152,38126,75648,0,1
3153,38126,75672,0,1
3154,38126,75696,0,1
3155,38126,75720,0,1
3156,38126,75744,0,1
3157,38126,75768,0,1
3158,38126,75792,0,1
3159,38126,75816,0,1
3160,38126,75840,0,1
3161,38126,75864,0,1
3162,38126,75888,0,1
3163,38126,75912,0,1
3164,38126,75936,0,1
3165,38126,75960,0,1
3166,38126,75984,0,1
3167,38126,76008,0,1
3168,38126,76032,0,1
3169,38126,76056,0,1
3170,38126,76080,0,1
3171,38126,76104,0,1
3172,38126,76128,0,1
3173,38126,76152,0,1
3174,38126,76176,0,1
3175,38126,76200,0,1
3176,38126,76224,0,1
3177,38126,76248,0,1
3178,38126,76272,1,0
3179,38126,76296,0,1
3180,38126,76320,0,1
3181,38126,76344,1,0
3182,38126,76368,0,1
3183,38126,76392,0,1
3184,38126,76416,0,1
3185,38126,76440,0,1
3186,38126,76464,0,1
3187,38126,76488,0,1
3188,38126,76512,0,1
3189,38126,76536,0,1
3190,38126,76560,0,1
3191,38126,76584,0,1
3192,38126,76608,0,1
3193,38126,76632,0,1
3194,38126,76656,0,1
3195,38126,76680,0,1
3196,38126,76704,0,1
3197,38126,76728,0,1
3198,38126,76752,0,1
3199,38126,76776,0,1
3200,38126,76800,0,1
3201,38126,76824,0,1
3202,38126,76848,0,1
3203,38126,76872,0,1
3204,38126,76896,0,1
3205,38126,76920,0,1
3206,38126,76944,0,1
3207,38126,76968,0,1
3208,38126,76992,0,1
3209,38126,77016,0,1
3210,38126,77040,0,1
3211,38126,77064,0,1
3212,38126,77088,0,1
3213,38126,77112,0,1
3214,38126,77136,0,1
3215,38126,77160,0,1
3216,38126,77184,0,1
3217,38126,77208,0,1
3218,38126,77232,0,1
3219,38126,77256,0,1
3220,38126,77280,0,1
3221,38126,77304,0,1
3222,38126,77328,0,1
3223,38126,77352,0,1
3224,38126,77376,0,1
3225,38126,77400,0,1
3226,38126,77424,0,1
3227,38126,77448,0,1
3228,38126,77472,0,1
3229,38126,77496,0,1
3230,38126,77520,0,1
3231,38126,77544,0,1
3232,38126,77568,0,1
3233,38126,77592,0,1
3234,38126,77616,0,1
3235,38126,77640,0,1
3236,38126,77664,0,1
3237,38126,77688,0,1
3238,38126,77712,0,1
3239,38126,77736,0,1
3240,38126,77760,0,1
3241,38126,77784,0,1
3242,38126,77808,0,1
3243,38126,77832,0,1
3244,38126,77856,0,1
3245,38126,77880,0,1
3246,38126,77904,0,1
3247,38126,77928,0,1
3248,38126,77952,0,1
3249,38126,77976,0,1
3250,38126,78000,0,1
3251,38126,78024,0,1
3252,38126,78048,0,1
3253,38126,78072,0,1
3254,38126,78096,0,1
3255,38126,78120,0,1
3256,38126,78144,0,1
3257,38126,78168,0,1
3258,38126,78192,0,1
3259,38126,78216,0,1
3260,38126,78240,0,1
3261,38126,78264,0,1
3262,38126,78288,0,1
3263,38126,78312,0,1
3264,38126,78336,0,1
3265,38126,78360,0,1
3266,38126,78384,0,1
3267,38126,78408,0,1
3268,38126,78432,0,1
3269,38126,78456,0,1
3270,38126,78480,0,1
3271,38126,78504,0,1
3272,38126,78528,0,1
3273,38126,78552,0,1
3274,38126,78576,0,1
3275,38126,78600,0,1
3276,38126,78624,0,1
3277,38126,78648,0,1
3278,38126,78672,0,1
3279,38126,78696,0,1
3280,38126,78720,0,1
3281,38126,78744,0,1
3282,38126,78768,0,1
3283,38126,78792,0,1
3284,38126,78816,0,1
3285,38126,78840,0,1
3286,38126,78864,0,1
3287,38126,78888,0,1
3288,38126,78912,0,1
3289,38126,78936,0,1
3290,38126,78960,1,0
3291,38126,78984,0,1
3292,38126,79008,0,1
3293,38126,79032,0,1
3294,38126,79056,0,1
3295,38126,79080,0,1
3296,38126,79104,0,1
3297,38126,79128,0,1
3298,38126,79152,0,1
3299,38126,79176,0,1
3300,38126,79200,0,1
3301,38126,79224,0,1
3302,38126,79248,0,1
3303,38126,79272,0,1
3304,38126,79296,0,1
3305,38126,79320,0,1
3306,38126,79344,0,1
3307,38126,79368,0,1
3308,38126,79392,0,1
3309,38126,79416,0,1
3310,38126,79440,0,1
3311,38126,79464,0,1
3312,38126,79488,0,1
3313,38126,79512,0,1
3314,38126,79536,0,1
3315,38126,79560,0,1
3316,38126,79584,0,1
3317,38126,79608,0,1
3318,38126,79632,0,1
3319,38126,79656,0,1
3320,38126,79680,0,1
3321,38126,79704,0,1
3322,38126,79728,0,1
3323,38126,79752,0,1
3324,38126,79776,0,1
3325,38126,79800,0,1
3326,38126,79824,0,1
3327,38126,79848,0,1
3328,38126,79872,0,1
3329,38126,79896,0,1
3330,38126,79920,0,1
3331,38126,79944,0,1
3332,38126,79968,0,1
3333,38126,79992,0,1
3334,38126,80016,0,1
3335,38126,80040,0,1
3336,38126,80064,0,1
3337,38126,80088,0,1
3338,38126,80112,0,1
3339,38126,80136,0,1
3340,38126,80160,0,1
3341,38126,80184,0,1
3342,38126,80208,0,1
3343,38126,80232,0,1
3344,38126,80256,0,1
3345,38126,80280,0,1
3346,38126,80304,0,1
3347,38126,80328,0,1
3348,38126,80352,0,1
3349,38126,80376,0,1
3350,38126,80400,0,1
3351,38126,80424,0,1
3352,38126,80448,0,1
3353,38126,80472,0,1
3354,38126,80496,0,1
3355,38126,80520,0,1
3356,38126,80544,0,1
3357,38126,80568,0,1
3358,38126,80592,0,1
3359,38126,80616,0,1
3360,38126,80640,0,1
3361,38126,80664,0,1
3362,38126,80688,0,1
3363,38126,80712,0,1
3364,38126,80736,0,1
3365,38126,80760,0,1
3366,38126,80784,0,1
3367,38126,80808,0,1
3368,38126,80832,0,1
3369,38126,80856,0,1
3370,38126,80880,0,1
3371,38126,80904,0,1
3372,38126,80928,0,1
3373,38126,80952,0,1
3374,38126,80976,0,1
3375,38126,81000,0,1
3376,38126,81024,0,1
3377,38126,81048,0,1
3378,38126,81072,0,1
3379,38126,81096,0,1
3380,38126,81120,0,1
3381,38126,81144,0,1
3382,38126,81168,0,1
3383,38126,81192,0,1
3384,38126,81216,0,1
3385,38126,81240,0,1
3386,38126,81264,0,1
3387,38126,81288,0,1
3388,38126,81312,0,1
3389,38126,81336,0,1
3390,38126,81360,0,1
3391,38126,81384,0,1
3392,38126,81408,0,1
3393,38126,81432,0,1
3394,38126,81456,0,1
3395,38126,81480,0,1
3396,38126,81504,0,1
3397,38126,81528,0,1
3398,38126,81552,0,1
3399,38126,81576,0,1
3400,38126,81600,0,1
3401,38126,81624,0,1
3402,38126,81648,0,1
3403,38126,81672,0,1
3404,38126,81696,0,1
3405,38126,81720,0,1
3406,38126,81744,0,1
3407,38126,81768,0,1
3408,38126,81792,0,1
3409,38126,81816,0,1
3410,38126,81840,0,1
3411,38126,81864,0,1
3412,38126,81888,0,1
3413,38126,81912,0,1
3414,38126,81936,0,1
3415,38126,81960,0,1
3416,38126,81984,0,1
3417,38126,82008,0,1
3418,38126,82032,0,1
3419,38126,82056,0,1
3420,38126,82080,0,1
3421,38126,82104,0,1
3422,38126,82128,0,1
3423,38126,82152,0,1
3424,38126,82176,0,1
3425,38126,82200,0,1
3426,38126,82224,0,1
3427,38126,82248,0,1
3428,38126,82272,0,1
3429,38126,82296,0,1
3430,38126,82320,0,1
3431,38126,82344,0,1
3432,38126,82368,0,1
3433,38126,82392,0,1
3434,38126,82416,0,1
3435,38126,82440,0,1
3436,38126,82464,0,1
3437,38126,82488,0,1
3438,38126,82512,0,1
3439,38126,82536,0,1
3440,38126,82560,0,1
3441,38126,82584,0,1
3442,38126,82608,0,1
3443,38126,82632,0,1
3444,38126,82656,0,1
3445,38126,82680,0,1
3446,38126,82704,0,1
3447,38126,82728,0,1
3448,38126,82752,0,1
3449,38126,82776,0,1
3450,38126,82800,0,1
3451,38126,82824,0,1
3452,38126,82848,0,1
3453,38126,82872,0,1
3454,38126,82896,0,1
3455,38126,82920,0,1
3456,38126,82944,0,1
3457,38126,82968,0,1
3458,38126,82992,0,1
3459,38126,83016,0,1
3460,38126,83040,0,1
3461,38126,83064,0,1
3462,38126,83088,0,1
3463,38126,83112,0,1
3464,38126,83136,0,1
3465,38126,83160,0,1
3466,38126,83184,0,1
3467,38126,83208,0,1
3468,38126,83232,0,1
3469,38126,83256,0,1
3470,38126,83280,0,1
3471,38126,83304,0,1
3472,38126,83328,0,1
3473,38126,83352,0,1
3474,38126,83376,0,1
3475,38126,83400,0,1
3476,38126,83424,0,1
3477,38126,83448,0,1
3478,38126,83472,0,1
3479,38126,83496,0,1
3480,38126,83520,0,1
3481,38126,83544,0,1
3482,38126,83568,0,1
3483,38126,83592,0,1
3484,38126,83616,0,1
3485,38126,83640,0,1
3486,38126,83664,0,1
3487,38126,83688,0,1
3488,38126,83712,0,1
3489,38126,83736,0,1
3490,38126,83760,0,1
3491,38126,83784,0,1
3492,38126,83808,0,1
3493,38126,83832,0,1
3494,38126,83856,0,1
3495,38126,83880,0,1
3496,38126,83904,0,1
3497,38126,83928,0,1
3498,38126,83952,0,1
3499,38126,83976,0,1
3500,38126,84000,0,1
3501,38126,84024,0,1
3502,38126,84048,0,1
3503,38126,84072,0,1
3504,38126,84096,0,1
3505,38126,84120,0,1
3506,38126,84144,0,1
3507,38126,84168,0,1
3508,38126,84192,0,1
3509,38126,84216,0,1
3510,38126,84240,0,1
3511,38126,84264,0,1
3512,38126,84288,0,1
3513,38126,84312,0,1
3514,38126,84336,0,1
3515,38126,84360,0,1
3516,38126,84384,0,1
3517,38126,84408,0,1
3518,38126,84432,0,1
3519,38126,84456,0,1
3520,38126,84480,0,1
3521,38126,84504,0,1
3522,38126,84528,0,1
3523,38126,84552,0,1
3524,38126,84576,0,1
3525,38126,84600,0,1
3526,38126,84624,0,1
3527,38126,84648,0,1
3528,38126,84672,0,1
3529,38126,84696,0,1
3530,38126,84720,0,1
3531,38126,84744,0,1
3532,38126,84768,0,1
3533,38126,84792,0,1
3534,38126,84816,0,1
3535,38126,84840,0,1
3536,38126,84864,0,1
3537,38126,84888,0,1
3538,38126,84912,0,1
3539,38126,84936,0,1
3540,38126,84960,0,1
3541,38126,84984,0,1
3542,38126,85008,0,1
3543,38126,85032,0,1
3544,38126,85056,0,1
3545,38126,85080,0,1
3546,38126,85104,0,1
3547,38126,85128,0,1
3548,38126,85152,0,1
3549,38126,85176,0,1
3550,38126,85200,0,1
3551,38126,85224,0,1
3552,38126,85248,0,1
3553,38126,85272,0,1
3554,38126,85296,0,1
3555,38126,85320,0,1
3556,38126,85344,0,1
3557,38126,85368,0,1
3558,38126,85392,0,1
3559,38126,85416,0,1
3560,38126,85440,0,1
3561,38126,85464,0,1
3562,38126,85488,0,1
3563,38126,85512,0,1
3564,38126,85536,0,1
3565,38126,85560,0,1
3566,38126,85584,0,1
3567,38126,85608,0,1
3568,38126,85632,0,1
3569,38126,85656,0,1
3570,38126,85680,0,1
3571,38126,85704,0,1
3572,38126,85728,0,1
3573,38126,85752,0,1
3574,38126,85776,0,1
3575,38126,85800,0,1
3576,38126,85824,0,1
3577,38126,85848,0,1
3578,38126,85872,0,1
3579,38126,85896,0,1
3580,38126,85920,0,1
3581,38126,85944,0,1
3582,38126,85968,0,1
3583,38126,85992,0,1
3584,38126,86016,0,1
3585,38126,86040,0,1
3586,38126,86064,0,1
3587,38126,86088,0,1
3588,38126,86112,0,1
3589,38126,86136,0,1
3590,38126,86160,0,1
3591,38126,86184,0,1
3592,38126,86208,0,1
3593,38126,86232,0,1
3594,38126,86256,0,1
3595,38126,86280,0,1
3596,38126,86304,0,1
3597,38126,86328,0,1
3598,38126,86352,0,1
3599,38126,86376,0,1
3600,38126,86400,0,1
3601,38126,86424,0,1
3602,38126,86448,0,1
3603,38126,86472,0,1
3604,38126,86496,0,1
3605,38126,86520,0,1
3606,38126,86544,0,1
3607,38126,86568,0,1
3608,38126,86592,0,1
3609,38126,86616,0,1
3610,38126,86640,0,1
3611,38126,86664,0,1
3612,38126,86688,0,1
3613,38126,86712,0,1
3614,38126,86736,0,1
3615,38126,86760,0,1
3616,38126,86784,0,1
3617,38126,86808,0,1
3618,38126,86832,0,1
3619,38126,86856,0,1
3620,38126,86880,0,1
3621,38126,86904,0,1
3622,38126,86928,0,1
3623,38126,86952,0,1
3624,38126,86976,0,1
3625,38126,87000,0,1
3626,38126,87024,0,1
3627,38126,87048,0,1
3628,38126,87072,0,1
3629,38126,87096,0,1
3630,38126,87120,0,1
3631,38126,87144,0,1
3632,38126,87168,0,1
3633,38126,87192,0,1
3634,38126,87216,0,1
3635,38126,87240,0,1
3636,38126,87264,0,1
3637,38126,87288,0,1
3638,38126,87312,0,1
3639,38126,87336,0,1
3640,38126,87360,0,1
3641,38126,87384,0,1
3642,38126,87408,0,1
3643,38126,87432,0,1
3644,38126,87456,0,1
3645,38126,87480,0,1
3646,38126,87504,0,1
3647,38126,87528,0,1
3648,38126,87552,0,1
3649,38126,87576,0,1
3650,38126,87600,0,1
3651,38126,87624,0,1
3652,38126,87648,0,1
3653,38126,87672,0,1
3654,38126,87696,0,1
3655,38126,87720,0,1
3656,38126,87744,0,1
3657,38126,87768,0,1
3658,38126,87792,0,1
3659,38126,87816,0,1
3660,38126,87840,0,1
3661,38126,87864,0,1
3662,38126,87888,0,1
3663,38126,87912,0,1
3664,38126,87936,0,1
3665,38126,87960,0,1
3666,38126,87984,0,1
3667,38126,88008,0,1
3668,38126,88032,0,1
3669,38126,88056,0,1
3670,38126,88080,0,1
3671,38126,88104,0,1
3672,38126,88128,0,1
3673,38126,88152,0,1
3674,38126,88176,0,1
3675,38126,88200,0,1
3676,38126,88224,0,1
3677,38126,88248,0,1
3678,38126,88272,0,1
3679,38126,88296,0,1
3680,38126,88320,0,1
3681,38126,88344,0,1
3682,38126,88368,0,1
3683,38126,88392,0,1
3684,38126,88416,0,1
3685,38126,88440,0,1
3686,38126,88464,0,1
3687,38126,88488,0,1
3688,38126,88512,0,1
3689,38126,88536,0,1
3690,38126,88560,0,1
3691,38126,88584,0,1
3692,38126,88608,0,1
3693,38126,88632,0,1
3694,38126,88656,0,1
3695,38126,88680,0,1
3696,38126,88704,0,1
3697,38126,88728,0,1
3698,38126,88752,0,1
3699,38126,88776,0,1
3700,38126,88800,0,1
3701,38126,88824,0,1
3702,38126,88848,0,1
3703,38126,88872,0,1
3704,38126,88896,0,1
3705,38126,88920,0,1
3706,38126,88944,1,0
3707,38126,88968,1,0
3708,38126,88992,1,0
3709,38126,89016,1,0
3710,38126,89040,1,0
3711,38126,89064,1,0
3712,38126,89088,0,1
3713,38126,89112,0,1
3714,38126,89136,0,1
3715,38126,89160,0,1
3716,38126,89184,0,1
3717,38126,89208,0,1
3718,38126,89232,0,1
3719,38126,89256,0,1
3720,38126,89280,0,1
3721,38126,89304,0,1
3722,38126,89328,0,1
3723,38126,89352,0,1
3724,38126,89376,1,0
3725,38126,89400,0,1
3726,38126,89424,1,0
3727,38126,89448,1,0
3728,38126,89472,0,1
3729,38126,89496,0,1
3730,38126,89520,0,1
3731,38126,89544,0,1
3732,38126,89568,1,0
3733,38126,89592,0,1
3734,38126,89616,0,1
3735,38126,89640,0,1
3736,38126,89664,0,1
3737,38126,89688,1,0
3738,38126,89712,0,1
3739,38126,89736,0,1
3740,38126,89760,0,1
3741,38126,89784,0,1
3742,38126,89808,0,1
3743,38126,89832,0,1
3744,38126,89856,0,1
3745,38126,89880,0,1
3746,38126,89904,0,1
3747,38126,89928,0,1
3748,38126,89952,0,1
3749,38126,89976,0,1
3750,38126,90000,0,1
3751,38126,90024,0,1
3752,38126,90048,0,1
3753,38126,90072,0,1
3754,38126,90096,0,1
3755,38126,90120,0,1
3756,38126,90144,0,1
3757,38126,90168,0,1
3758,38126,90192,0,1
3759,38126,90216,0,1
3760,38126,90240,0,1
3761,38126,90264,0,1
3762,38126,90288,0,1
3763,38126,90312,0,1
3764,38126,90336,0,1
3765,38126,90360,0,1
3766,38126,90384,0,1
3767,38126,90408,0,1
3768,38126,90432,0,1
3769,38126,90456,0,1
3770,38126,90480,0,1
3771,38126,90504,0,1
3772,38126,90528,0,1
3773,38126,90552,0,1
3774,38126,90576,0,1
3775,38126,90600,0,1
3776,38126,90624,0,1
3777,38126,90648,0,1
3778,38126,90672,0,1
3779,38126,90696,0,1
3780,38126,90720,0,1
3781,38126,90744,0,1
3782,38126,90768,0,1
3783,38126,90792,0,1
3784,38126,90816,0,1
3785,38126,90840,0,1
3786,38126,90864,0,1
3787,38126,90888,0,1
3788,38126,90912,0,1
3789,38126,90936,0,1
3790,38126,90960,1,0
3791,38126,90984,0,1
3792,38126,91008,0,1
3793,38126,91032,0,1
3794,38126,91056,0,1
3795,38126,91080,0,1
3796,38126,91104,0,1
3797,38126,91128,0,1
3798,38126,91152,0,1
3799,38126,91176,0,1
3800,38126,91200,0,1
3801,38126,91224,0,1
3802,38126,91248,0,1
3803,38126,91272,0,1
3804,38126,91296,0,1
3805,38126,91320,0,1
3806,38126,91344,0,1
3807,38126,91368,0,1
3808,38126,91392,0,1
3809,38126,91416,0,1
3810,38126,91440,0,1
3811,38126,91464,0,1
3812,38126,91488,0,1
3813,38126,91512,0,1
3814,38126,91536,0,1
3815,38126,91560,0,1
3816,38126,91584,0,1
3817,38126,91608,0,1
3818,38126,91632,0,1
3819,38126,91656,0,1
3820,38126,91680,0,1
3821,38126,91704,0,1
3822,38126,91728,0,1
3823,38126,91752,0,1
3824,38126,91776,0,1
3825,38126,91800,0,1
3826,38126,91824,0,1
3827,38126,91848,0,1
3828,38126,91872,0,1
3829,38126,91896,0,1
3830,38126,91920,0,1
3831,38126,91944,0,1
3832,38126,91968,0,1
3833,38126,91992,0,1
3834,38126,92016,0,1
3835,38126,92040,0,1
3836,38126,92064,0,1
3837,38126,92088,0,1
3838,38126,92112,0,1
3839,38126,92136,0,1
3840,38126,92160,0,1
3841,38126,92184,0,1
3842,38126,92208,0,1
3843,38126,92232,0,1
3844,38126,92256,0,1
3845,38126,92280,0,1
3846,38126,92304,0,1
3847,38126,92328,0,1
3848,38126,92352,0,1
3849,38126,92376,0,1
3850,38126,92400,0,1
3851,38126,92424,0,1
3852,38126,92448,0,1
3853,38126,92472,0,1
3854,38126,92496,0,1
3855,38126,92520,0,1
3856,38126,92544,0,1
3857,38126,92568,0,1
3858,38126,92592,0,1
3859,38126,92616,0,1
3860,38126,92640,0,1
3861,38126,92664,0,1
3862,38126,92688,0,1
3863,38126,92712,0,1
3864,38126,92736,0,1
3865,38126,92760,0,1
3866,38126,92784,0,1
3867,38126,92808,0,1
3868,38126,92832,0,1
3869,38126,92856,0,1
3870,38126,92880,0,1
3871,38126,92904,0,1
3872,38126,92928,0,1
3873,38126,92952,0,1
3874,38126,92976,0,1
3875,38126,93000,0,1
3876,38126,93024,0,1
3877,38126,93048,0,1
3878,38126,93072,0,1
3879,38126,93096,0,1
3880,38126,93120,0,1
3881,38126,93144,0,1
3882,38126,93168,0,1
3883,38126,93192,0,1
3884,38126,93216,0,1
3885,38126,93240,0,1
3886,38126,93264,0,1
3887,38126,93288,0,1
3888,38126,93312,0,1
3889,38126,93336,0,1
3890,38126,93360,0,1
3891,38126,93384,0,1
3892,38126,93408,0,1
3893,38126,93432,0,1
3894,38126,93456,0,1
3895,38126,93480,0,1
3896,38126,93504,0,1
3897,38126,93528,0,1
3898,38126,93552,0,1
3899,38126,93576,0,1
3900,38126,93600,0,1
3901,38126,93624,0,1
3902,38126,93648,0,1
3903,38126,93672,0,1
3904,38126,93696,0,1
3905,38126,93720,0,1
3906,38126,93744,0,1
3907,38126,93768,0,1
3908,38126,93792,0,1
3909,38126,93816,0,1
3910,38126,93840,0,1
3911,38126,93864,0,1
3912,38126,93888,0,1
3913,38126,93912,0,1
3914,38126,93936,0,1
3915,38126,93960,0,1
3916,38126,93984,0,1
3917,38126,94008,0,1
3918,38126,94032,0,1
3919,38126,94056,0,1
3920,38126,94080,0,1
3921,38126,94104,0,1
3922,38126,94128,0,1
3923,38126,94152,0,1
3924,38126,94176,0,1
3925,38126,94200,0,1
3926,38126,94224,0,1
3927,38126,94248,0,1
3928,38126,94272,0,1
3929,38126,94296,0,1
3930,38126,94320,0,1
3931,38126,94344,0,1
3932,38126,94368,0,1
3933,38126,94392,0,1
3934,38126,94416,0,1
3935,38126,94440,0,1
3936,38126,94464,0,1
3937,38126,94488,0,1
3938,38126,94512,0,1
3939,38126,94536,0,1
3940,38126,94560,0,1
3941,38126,94584,0,1
3942,38126,94608,0,1
3943,38126,94632,0,1
3944,38126,94656,0,1
3945,38126,94680,0,1
3946,38126,94704,0,1
3947,38126,94728,0,1
3948,38126,94752,0,1
3949,38126,94776,0,1
3950,38126,94800,0,1
3951,38126,94824,0,1
3952,38126,94848,0,1
3953,38126,94872,0,1
3954,38126,94896,0,1
3955,38126,94920,0,1
3956,38126,94944,0,1
3957,38126,94968,0,1
3958,38126,94992,0,1
3959,38126,95016,0,1
3960,38126,95040,0,1
3961,38126,95064,0,1
3962,38126,95088,0,1
3963,38126,95112,0,1
3964,38126,95136,0,1
3965,38126,95160,0,1
3966,38126,95184,0,1
3967,38126,95208,0,1
3968,38126,95232,0,1
3969,38126,95256,0,1
3970,38126,95280,0,1
3971,38126,95304,0,1
3972,38126,95328,0,1
3973,38126,95352,0,1
3974,38126,95376,0,1
3975,38126,95400,0,1
3976,38126,95424,0,1
3977,38126,95448,0,1
3978,38126,95472,0,1
3979,38126,95496,0,1
3980,38126,95520,0,1
3981,38126,95544,0,1
3982,38126,95568,0,1
3983,38126,95592,0,1
3984,38126,95616,0,1
3985,38126,95640,0,1
3986,38126,95664,0,1
3987,38126,95688,0,1
3988,38126,95712,0,1
3989,38126,95736,0,1
3990,38126,95760,0,1
3991,38126,95784,0,1
3992,38126,95808,0,1
3993,38126,95832,0,1
3994,38126,95856,0,1
3995,38126,95880,0,1
3996,38126,95904,0,1
3997,38126,95928,0,1
3998,38126,95952,0,1
3999,38126,95976,0,1
4000,38126,96000,0,1
4001,38126,96024,0,1
4002,38126,96048,0,1
4003,38126,96072,0,1
4004,38126,96096,0,1
4005,38126,96120,0,1
4006,38126,96144,0,1
4007,38126,96168,0,1
4008,38126,96192,0,1
4009,38126,96216,0,1
4010,38126,96240,0,1
4011,38126,96264,0,1
4012,38126,96288,0,1
4013,38126,96312,0,1
4014,38126,96336,0,1
4015,38126,96360,0,1
4016,38126,96384,0,1
4017,38126,96408,0,1
4018,38126,96432,0,1
4019,38126,96456,0,1
4020,38126,96480,0,1
4021,38126,96504,0,1
4022,38126,96528,0,1
4023,38126,96552,0,1
4024,38126,96576,0,1
4025,38126,96600,0,1
4026,38126,96624,0,1
4027,38126,96648,0,1
4028,38126,96672,0,1
4029,38126,96696,0,1
4030,38126,96720,0,1
4031,38126,96744,0,1
4032,38126,96768,0,1
4033,38126,96792,0,1
4034,38126,96816,0,1
4035,38126,96840,0,1
4036,38126,96864,0,1
4037,38126,96888,0,1
4038,38126,96912,0,1
4039,38126,96936,0,1
4040,38126,96960,0,1
4041,38126,96984,0,1
4042,38126,97008,0,1
4043,38126,97032,0,1
4044,38126,97056,0,1
4045,38126,97080,0,1
4046,38126,97104,0,1
4047,38126,97128,0,1
4048,38126,97152,0,1
4049,38126,97176,0,1
4050,38126,97200,0,1
4051,38126,97224,0,1
4052,38126,97248,0,1
4053,38126,97272,0,1
4054,38126,97296,0,1
4055,38126,97320,0,1
4056,38126,97344,0,1
4057,38126,97368,0,1
4058,38126,97392,0,1
4059,38126,97416,0,1
4060,38126,97440,0,1
4061,38126,97464,0,1
4062,38126,97488,0,1
4063,38126,97512,0,1
4064,38126,97536,0,1
4065,38126,97560,0,1
4066,38126,97584,0,1
4067,38126,97608,0,1
4068,38126,97632,0,1
4069,38126,97656,0,1
4070,38126,97680,0,1
4071,38126,97704,0,1
4072,38126,97728,0,1
4073,38126,97752,0,1
4074,38126,97776,0,1
4075,38126,97800,0,1
4076,38126,97824,0,1
4077,38126,97848,0,1
4078,38126,97872,0,1
4079,38126,97896,0,1
4080,38126,97920,0,1
4081,38126,97944,0,1
4082,38126,97968,0,1
4083,38126,97992,0,1
4084,38126,98016,0,1
4085,38126,98040,0,1
4086,38126,98064,0,1
4087,38126,98088,0,1
4088,38126,98112,0,1
4089,38126,98136,0,1
4090,38126,98160,0,1
4091,38126,98184,0,1
4092,38126,98208,0,1
4093,38126,98232,0,1
4094,38126,98256,0,1
4095,38126,98280,0,1
4096,38126,98304,0,1
4097,38126,98328,0,1
4098,38126,98352,0,1
4099,38126,98376,0,1
4100,38126,98400,0,1
4101,38126,98424,0,1
4102,38126,98448,0,1
4103,38126,98472,0,1
4104,38126,98496,0,1
4105,38126,98520,0,1
4106,38126,98544,0,1
4107,38126,98568,0,1
4108,38126,98592,0,1
4109,38126,98616,0,1
4110,38126,98640,0,1
4111,38126,98664,0,1
4112,38126,98688,0,1
4113,38126,98712,0,1
4114,38126,98736,0,1
4115,38126,98760,0,1
4116,38126,98784,0,1
4117,38126,98808,0,1
4118,38126,98832,0,1
4119,38126,98856,0,1
4120,38126,98880,0,1
4121,38126,98904,0,1
4122,38126,98928,0,1
4123,38126,98952,0,1
4124,38126,98976,0,1
4125,38126,99000,0,1
4126,38126,99024,0,1
4127,38126,99048,0,1
4128,38126,99072,0,1
4129,38126,99096,0,1
4130,38126,99120,0,1
4131,38126,99144,0,1
4132,38126,99168,0,1
4133,38126,99192,0,1
4134,38126,99216,0,1
4135,38126,99240,0,1
4136,38126,99264,0,1
4137,38126,99288,0,1
4138,38126,99312,0,1
4139,38126,99336,0,1
4140,38126,99360,0,1
4141,38126,99384,0,1
4142,38126,99408,0,1
4143,38126,99432,0,1
4144,38126,99456,0,1
4145,38126,99480,0,1
4146,38126,99504,0,1
4147,38126,99528,0,1
4148,38126,99552,0,1
4149,38126,99576,0,1
4150,38126,99600,0,1
4151,38126,99624,0,1
4152,38126,99648,0,1
4153,38126,99672,0,1
4154,38126,99696,0,1
4155,38126,99720,0,1
4156,38126,99744,1,0
4157,38126,99768,0,1
4158,38126,99792,1,0
4159,38126,99816,1,0
4160,38126,99840,1,0
4161,38126,99864,1,0
4162,38126,99888,0,1
4163,38126,99912,1,0
4164,38126,99936,1,0
4165,38126,99960,0,1
4166,38126,99984,1,0
4167,38126,100008,1,0
4168,38126,100032,0,1
4169,38126,100056,0,1
4170,38126,100080,1,0
4171,38126,100104,0,1
4172,38126,100128,0,1
4173,38126,100152,0,1
4174,38126,100176,0,1
4175,38126,100200,0,1
4176,38126,100224,1,0
4177,38126,100248,1,0
4178,38126,100272,0,1
4179,38126,100296,0,1
4180,38126,100320,0,1
4181,38126,100344,0,1
4182,38126,100368,0,1
4183,38126,100392,0,1
4184,38126,100416,0,1
4185,38126,100440,0,1
4186,38126,100464,0,1
4187,38126,100488,0,1
4188,38126,100512,0,1
4189,38126,100536,0,1
4190,38126,100560,0,1
4191,38126,100584,0,1
4192,38126,100608,0,1
4193,38126,100632,0,1
4194,38126,100656,0,1
4195,38126,100680,0,1
4196,38126,100704,0,1
4197,38126,100728,0,1
4198,38126,100752,0,1
4199,38126,100776,0,1
4200,38126,100800,0,1
4201,38126,100824,0,1
4202,38126,100848,0,1
4203,38126,100872,0,1
4204,38126,100896,0,1
4205,38126,100920,0,1
4206,38126,100944,0,1
4207,38126,100968,0,1
4208,38126,100992,0,1
4209,38126,101016,0,1
4210,38126,101040,0,1
4211,38126,101064,0,1
4212,38126,101088,0,1
4213,38126,101112,0,1
4214,38126,101136,0,1
4215,38126,101160,0,1
4216,38126,101184,0,1
4217,38126,101208,0,1
4218,38126,101232,0,1
4219,38126,101256,1,0
4220,38126,101280,1,0
4221,38126,101304,1,0
4222,38126,101328,1,0
4223,38126,101352,1,0
4224,38126,101376,1,0
4225,38126,101400,1,0
4226,38126,101424,1,0
4227,38126,101448,1,0
4228,38126,101472,1,0
4229,38126,101496,1,0
4230,38126,101520,0,1
4231,38126,101544,0,1
4232,38126,101568,0,1
4233,38126,101592,0,1
4234,38126,101616,0,1
4235,38126,101640,0,1
4236,38126,101664,0,1
4237,38126,101688,0,1
4238,38126,101712,0,1
4239,38126,101736,0,1
4240,38126,101760,0,1
4241,38126,101784,0,1
4242,38126,101808,0,1
4243,38126,101832,0,1
4244,38126,101856,0,1
4245,38126,101880,0,1
4246,38126,101904,0,1
4247,38126,101928,0,1
4248,38126,101952,0,1
4249,38126,101976,0,1
4250,38126,102000,0,1
4251,38126,102024,0,1
4252,38126,102048,0,1
4253,38126,102072,0,1
4254,38126,102096,0,1
4255,38126,102120,0,1
4256,38126,102144,0,1
4257,38126,102168,0,1
4258,38126,102192,0,1
4259,38126,102216,0,1
4260,38126,102240,0,1
4261,38126,102264,0,1
4262,38126,102288,0,1
4263,38126,102312,0,1
4264,38126,102336,0,1
4265,38126,102360,0,1
4266,38126,102384,0,1
4267,38126,102408,0,1
4268,38126,102432,0,1
4269,38126,102456,0,1
4270,38126,102480,0,1
4271,38126,102504,0,1
4272,38126,102528,0,1
4273,38126,102552,0,1
4274,38126,102576,0,1
4275,38126,102600,0,1
4276,38126,102624,0,1
4277,38126,102648,0,1
4278,38126,102672,0,1
4279,38126,102696,0,1
4280,38126,102720,0,1
4281,38126,102744,0,1
4282,38126,102768,0,1
4283,38126,102792,0,1
4284,38126,102816,0,1
4285,38126,102840,1,0
4286,38126,102864,1,0
4287,38126,102888,1,0
4288,38126,102912,1,0
4289,38126,102936,1,0
4290,38126,102960,1,0
4291,38126,102984,1,0
4292,38126,103008,0,1
4293,38126,103032,0,1
4294,38126,103056,0,1
4295,38126,103080,0,1
4296,38126,103104,0,1
4297,38126,103128,0,1
4298,38126,103152,0,1
4299,38126,103176,0,1
4300,38126,103200,0,1
4301,38126,103224,0,1
4302,38126,103248,0,1
4303,38126,103272,0,1
4304,38126,103296,0,1
4305,38126,103320,0,1
4306,38126,103344,0,1
4307,38126,103368,0,1
4308,38126,103392,0,1
4309,38126,103416,0,1
4310,38126,103440,0,1
4311,38126,103464,0,1
4312,38126,103488,0,1
4313,38126,103512,0,1
4314,38126,103536,0,1
4315,38126,103560,0,1
4316,38126,103584,0,1
4317,38126,103608,0,1
4318,38126,103632,0,1
4319,38126,103656,0,1
4320,38126,103680,0,1
4321,38126,103704,0,1
4322,38126,103728,0,1
4323,38126,103752,0,1
4324,38126,103776,0,1
4325,38126,103800,0,1
4326,38126,103824,0,1
4327,38126,103848,0,1
4328,38126,103872,0,1
4329,38126,103896,0,1
4330,38126,103920,0,1
4331,38126,103944,0,1
4332,38126,103968,0,1
4333,38126,103992,0,1
4334,38126,104016,0,1
4335,38126,104040,0,1
4336,38126,104064,0,1
4337,38126,104088,0,1
4338,38126,104112,0,1
4339,38126,104136,0,1
4340,38126,104160,0,1
4341,38126,104184,0,1
4342,38126,104208,0,1
4343,38126,104232,0,1
4344,38126,104256,0,1
4345,38126,104280,0,1
4346,38126,104304,0,1
4347,38126,104328,0,1
4348,38126,104352,0,1
4349,38126,104376,0,1
4350,38126,104400,0,1
4351,38126,104424,0,1
4352,38126,104448,0,1
4353,38126,104472,0,1
4354,38126,104496,0,1
4355,38126,104520,0,1
4356,38126,104544,0,1
4357,38126,104568,0,1
4358,38126,104592,0,1
4359,38126,104616,0,1
4360,38126,104640,0,1
4361,38126,104664,0,1
4362,38126,104688,0,1
4363,38126,104712,0,1
4364,38126,104736,0,1
4365,38126,104760,0,1
4366,38126,104784,0,1
4367,38126,104808,0,1
4368,38126,104832,0,1
4369,38126,104856,0,1
4370,38126,104880,0,1
4371,38126,104904,0,1
4372,38126,104928,0,1
4373,38126,104952,0,1
4374,38126,104976,0,1
4375,38126,105000,0,1
4376,38126,105024,0,1
4377,38126,105048,0,1
4378,38126,105072,0,1
4379,38126,105096,0,1
4380,38126,105120,0,1
4381,38126,105144,0,1
4382,38126,105168,0,1
4383,38126,105192,0,1
4384,38126,105216,0,1
4385,38126,105240,0,1
4386,38126,105264,0,1
4387,38126,105288,0,1
4388,38126,105312,0,1
4389,38126,105336,0,1
4390,38126,105360,0,1
4391,38126,105384,0,1
4392,38126,105408,0,1
4393,38126,105432,0,1
4394,38126,105456,0,1
4395,38126,105480,0,1
4396,38126,105504,0,1
4397,38126,105528,0,1
4398,38126,105552,0,1
4399,38126,105576,0,1
4400,38126,105600,0,1
4401,38126,105624,0,1
4402,38126,105648,0,1
4403,38126,105672,0,1
4404,38126,105696,0,1
4405,38126,105720,0,1
4406,38126,105744,0,1
4407,38126,105768,0,1
4408,38126,105792,0,1
4409,38126,105816,0,1
4410,38126,105840,0,1
4411,38126,105864,0,1
4412,38126,105888,0,1
4413,38126,105912,0,1
4414,38126,105936,0,1
4415,38126,105960,0,1
4416,38126,105984,0,1
4417,38126,106008,0,1
4418,38126,106032,0,1
4419,38126,106056,0,1
4420,38126,106080,0,1
4421,38126,106104,0,1
4422,38126,106128,0,1
4423,38126,106152,0,1
4424,38126,106176,0,1
4425,38126,106200,0,1
4426,38126,106224,0,1
4427,38126,106248,0,1
4428,38126,106272,0,1
4429,38126,106296,0,1
4430,38126,106320,0,1
4431,38126,106344,0,1
4432,38126,106368,0,1
4433,38126,106392,0,1
4434,38126,106416,0,1
4435,38126,106440,0,1
4436,38126,106464,0,1
4437,38126,106488,0,1
4438,38126,106512,0,1
4439,38126,106536,0,1
4440,38126,106560,0,1
4441,38126,106584,0,1
4442,38126,106608,0,1
4443,38126,106632,0,1
4444,38126,106656,0,1
4445,38126,106680,0,1
4446,38126,106704,0,1
4447,38126,106728,0,1
4448,38126,106752,0,1
4449,38126,106776,0,1
4450,38126,106800,0,1
4451,38126,106824,0,1
4452,38126,106848,0,1
4453,38126,106872,0,1
4454,38126,106896,0,1
4455,38126,106920,0,1
4456,38126,106944,0,1
4457,38126,106968,0,1
4458,38126,106992,0,1
4459,38126,107016,0,1
4460,38126,107040,0,1
4461,38126,107064,0,1
4462,38126,107088,0,1
4463,38126,107112,0,1
4464,38126,107136,0,1
4465,38126,107160,0,1
4466,38126,107184,0,1
4467,38126,107208,0,1
4468,38126,107232,0,1
4469,38126,107256,0,1
4470,38126,107280,0,1
4471,38126,107304,0,1
4472,38126,107328,0,1
4473,38126,107352,0,1
4474,38126,107376,0,1
4475,38126,107400,0,1
4476,38126,107424,0,1
4477,38126,107448,0,1
4478,38126,107472,1,0
4479,38126,107496,0,1
4480,38126,107520,0,1
4481,38126,107544,0,1
4482,38126,107568,0,1
4483,38126,107592,1,0
4484,38126,107616,0,1
4485,38126,107640,0,1
4486,38126,107664,0,1
4487,38126,107688,0,1
4488,38126,107712,0,1
4489,38126,107736,0,1
4490,38126,107760,0,1
4491,38126,107784,0,1
4492,38126,107808,0,1
4493,38126,107832,0,1
4494,38126,107856,0,1
4495,38126,107880,0,1
4496,38126,107904,0,1
4497,38126,107928,0,1
4498,38126,107952,0,1
4499,38126,107976,0,1
4500,38126,108000,0,1
4501,38126,108024,0,1
4502,38126,108048,0,1
4503,38126,108072,0,1
4504,38126,108096,0,1
4505,38126,108120,0,1
4506,38126,108144,0,1
4507,38126,108168,0,1
4508,38126,108192,0,1
4509,38126,108216,0,1
4510,38126,108240,0,1
4511,38126,108264,0,1
4512,38126,108288,0,1
4513,38126,108312,0,1
4514,38126,108336,0,1
4515,38126,108360,0,1
4516,38126,108384,0,1
4517,38126,108408,0,1
4518,38126,108432,0,1
4519,38126,108456,0,1
4520,38126,108480,0,1
4521,38126,108504,0,1
4522,38126,108528,0,1
4523,38126,108552,0,1
4524,38126,108576,0,1
4525,38126,108600,0,1
4526,38126,108624,0,1
4527,38126,108648,0,1
4528,38126,108672,0,1
4529,38126,108696,0,1
4530,38126,108720,0,1
4531,38126,108744,0,1
4532,38126,108768,0,1
4533,38126,108792,0,1
4534,38126,108816,0,1
4535,38126,108840,0,1
4536,38126,108864,0,1
4537,38126,108888,0,1
4538,38126,108912,0,1
4539,38126,108936,0,1
4540,38126,108960,0,1
4541,38126,108984,0,1
4542,38126,109008,0,1
4543,38126,109032,0,1
4544,38126,109056,0,1
4545,38126,109080,0,1
4546,38126,109104,1,0
4547,38126,109128,0,1
4548,38126,109152,0,1
4549,38126,109176,0,1
4550,38126,109200,0,1
4551,38126,109224,0,1
4552,38126,109248,0,1
4553,38126,109272,0,1
4554,38126,109296,0,1
4555,38126,109320,0,1
4556,38126,109344,0,1
4557,38126,109368,0,1
4558,38126,109392,0,1
4559,38126,109416,0,1
4560,38126,109440,0,1
4561,38126,109464,0,1
4562,38126,109488,0,1
4563,38126,109512,0,1
4564,38126,109536,0,1
4565,38126,109560,0,1
4566,38126,109584,0,1
4567,38126,109608,0,1
4568,38126,109632,0,1
4569,38126,109656,0,1
4570,38126,109680,0,1
4571,38126,109704,0,1
4572,38126,109728,0,1
4573,38126,109752,0,1
4574,38126,109776,0,1
4575,38126,109800,0,1
4576,38126,109824,0,1
4577,38126,109848,0,1
4578,38126,109872,0,1
4579,38126,109896,0,1
4580,38126,109920,0,1
4581,38126,109944,0,1
4582,38126,109968,0,1
4583,38126,109992,0,1
4584,38126,110016,0,1
4585,38126,110040,0,1
4586,38126,110064,0,1
4587,38126,110088,0,1
4588,38126,110112,0,1
4589,38126,110136,0,1
4590,38126,110160,0,1
4591,38126,110184,0,1
4592,38126,110208,0,1
4593,38126,110232,0,1
4594,38126,110256,0,1
4595,38126,110280,0,1
4596,38126,110304,0,1
4597,38126,110328,0,1
4598,38126,110352,0,1
4599,38126,110376,0,1
4600,38126,110400,0,1
4601,38126,110424,0,1
4602,38126,110448,0,1
4603,38126,110472,0,1
4604,38126,110496,0,1
4605,38126,110520,0,1
4606,38126,110544,0,1
4607,38126,110568,0,1
4608,38126,110592,0,1
4609,38126,110616,0,1
4610,38126,110640,0,1
4611,38126,110664,0,1
4612,38126,110688,0,1
4613,38126,110712,0,1
4614,38126,110736,0,1
4615,38126,110760,0,1
4616,38126,110784,0,1
4617,38126,110808,0,1
4618,38126,110832,0,1
4619,38126,110856,0,1
4620,38126,110880,0,1
4621,38126,110904,0,1
4622,38126,110928,1,0
4623,38126,110952,0,1
4624,38126,110976,0,1
4625,38126,111000,0,1
4626,38126,111024,0,1
4627,38126,111048,0,1
4628,38126,111072,0,1
4629,38126,111096,0,1
4630,38126,111120,0,1
4631,38126,111144,0,1
4632,38126,111168,0,1
4633,38126,111192,0,1
4634,38126,111216,0,1
4635,38126,111240,0,1
4636,38126,111264,0,1
4637,38126,111288,0,1
4638,38126,111312,0,1
4639,38126,111336,0,1
4640,38126,111360,0,1
4641,38126,111384,0,1
4642,38126,111408,0,1
4643,38126,111432,0,1
4644,38126,111456,0,1
4645,38126,111480,0,1
4646,38126,111504,0,1
4647,38126,111528,0,1
4648,38126,111552,0,1
4649,38126,111576,0,1
4650,38126,111600,0,1
4651,38126,111624,0,1
4652,38126,111648,0,1
4653,38126,111672,0,1
4654,38126,111696,0,1
4655,38126,111720,0,1
4656,38126,111744,0,1
4657,38126,111768,0,1
4658,38126,111792,0,1
4659,38126,111816,0,1
4660,38126,111840,0,1
4661,38126,111864,0,1
4662,38126,111888,0,1
4663,38126,111912,0,1
4664,38126,111936,0,1
4665,38126,111960,0,1
4666,38126,111984,0,1
4667,38126,112008,0,1
4668,38126,112032,0,1
4669,38126,112056,0,1
4670,38126,112080,0,1
4671,38126,112104,0,1
4672,38126,112128,0,1
4673,38126,112152,0,1
4674,38126,112176,0,1
4675,38126,112200,0,1
4676,38126,112224,0,1
4677,38126,112248,0,1
4678,38126,112272,0,1
4679,38126,112296,1,0
4680,38126,112320,0,1
4681,38126,112344,0,1
4682,38126,112368,0,1
4683,38126,112392,0,1
4684,38126,112416,0,1
4685,38126,112440,0,1
4686,38126,112464,1,0
4687,38126,112488,0,1
4688,38126,112512,0,1
4689,38126,112536,0,1
4690,38126,112560,0,1
4691,38126,112584,0,1
4692,38126,112608,0,1
4693,38126,112632,0,1
4694,38126,112656,0,1
4695,38126,112680,0,1
4696,38126,112704,0,1
4697,38126,112728,0,1
4698,38126,112752,0,1
4699,38126,112776,0,1
4700,38126,112800,0,1
4701,38126,112824,0,1
4702,38126,112848,0,1
4703,38126,112872,0,1
4704,38126,112896,0,1
4705,38126,112920,0,1
4706,38126,112944,0,1
4707,38126,112968,0,1
4708,38126,112992,0,1
4709,38126,113016,0,1
4710,38126,113040,0,1
4711,38126,113064,0,1
4712,38126,113088,0,1
4713,38126,113112,0,1
4714,38126,113136,0,1
4715,38126,113160,0,1
4716,38126,113184,0,1
4717,38126,113208,0,1
4718,38126,113232,0,1
4719,38126,113256,0,1
4720,38126,113280,0,1
4721,38126,113304,0,1
4722,38126,113328,0,1
4723,38126,113352,0,1
4724,38126,113376,0,1
4725,38126,113400,0,1
4726,38126,113424,0,1
4727,38126,113448,0,1
4728,38126,113472,0,1
4729,38126,113496,0,1
4730,38126,113520,0,1
4731,38126,113544,0,1
4732,38126,113568,0,1
4733,38126,113592,0,1
4734,38126,113616,0,1
4735,38126,113640,0,1
4736,38126,113664,0,1
4737,38126,113688,0,1
4738,38126,113712,0,1
4739,38126,113736,0,1
4740,38126,113760,0,1
4741,38126,113784,0,1
4742,38126,113808,0,1
4743,38126,113832,0,1
4744,38126,113856,0,1
4745,38126,113880,0,1
4746,38126,113904,0,1
4747,38126,113928,0,1
4748,38126,113952,0,1
4749,38126,113976,0,1
4750,38126,114000,0,1
4751,38126,114024,0,1
4752,38126,114048,0,1
4753,38126,114072,0,1
4754,38126,114096,0,1
4755,38126,114120,0,1
4756,38126,114144,0,1
4757,38126,114168,0,1
4758,38126,114192,0,1
4759,38126,114216,0,1
4760,38126,114240,0,1
4761,38126,114264,0,1
4762,38126,114288,0,1
4763,38126,114312,0,1
4764,38126,114336,0,1
4765,38126,114360,0,1
4766,38126,114384,0,1
4767,38126,114408,0,1
4768,38126,114432,0,1
4769,38126,114456,0,1
4770,38126,114480,0,1
4771,38126,114504,0,1
4772,38126,114528,0,1
4773,38126,114552,0,1
4774,38126,114576,0,1
4775,38126,114600,0,1
4776,38126,114624,0,1
4777,38126,114648,0,1
4778,38126,114672,0,1
4779,38126,114696,0,1
4780,38126,114720,0,1
4781,38126,114744,0,1
4782,38126,114768,0,1
4783,38126,114792,0,1
4784,38126,114816,0,1
4785,38126,114840,0,1
4786,38126,114864,0,1
4787,38126,114888,0,1
4788,38126,114912,0,1
4789,38126,114936,0,1
4790,38126,114960,0,1
4791,38126,114984,0,1
4792,38126,115008,0,1
4793,38126,115032,0,1
4794,38126,115056,0,1
4795,38126,115080,0,1
4796,38126,115104,0,1
4797,38126,115128,0,1
4798,38126,115152,0,1
4799,38126,115176,0,1
4800,38126,115200,0,1
4801,38126,115224,0,1
4802,38126,115248,0,1
4803,38126,115272,0,1
4804,38126,115296,0,1
4805,38126,115320,0,1
4806,38126,115344,0,1
4807,38126,115368,0,1
4808,38126,115392,0,1
4809,38126,115416,0,1
4810,38126,115440,0,1
4811,38126,115464,0,1
4812,38126,115488,0,1
4813,38126,115512,0,1
4814,38126,115536,0,1
4815,38126,115560,0,1
4816,38126,115584,0,1
4817,38126,115608,0,1
4818,38126,115632,0,1
4819,38126,115656,0,1
4820,38126,115680,0,1
4821,38126,115704,0,1
4822,38126,115728,0,1
4823,38126,115752,0,1
4824,38126,115776,0,1
4825,38126,115800,0,1
4826,38126,115824,0,1
4827,38126,115848,0,1
4828,38126,115872,0,1
4829,38126,115896,0,1
4830,38126,115920,0,1
4831,38126,115944,0,1
4832,38126,115968,0,1
4833,38126,115992,0,1
4834,38126,116016,0,1
4835,38126,116040,0,1
4836,38126,116064,0,1
4837,38126,116088,0,1
4838,38126,116112,0,1
4839,38126,116136,0,1
4840,38126,116160,0,1
4841,38126,116184,0,1
4842,38126,116208,0,1
4843,38126,116232,0,1
4844,38126,116256,0,1
4845,38126,116280,0,1
4846,38126,116304,0,1
4847,38126,116328,0,1
4848,38126,116352,0,1
4849,38126,116376,0,1
4850,38126,116400,0,1
4851,38126,116424,0,1
4852,38126,116448,0,1
4853,38126,116472,0,1
4854,38126,116496,0,1
4855,38126,116520,0,1
4856,38126,116544,0,1
4857,38126,116568,0,1
4858,38126,116592,0,1
4859,38126,116616,0,1
4860,38126,116640,0,1
4861,38126,116664,0,1
4862,38126,116688,0,1
4863,38126,116712,0,1
4864,38126,116736,0,1
4865,38126,116760,0,1
4866,38126,116784,0,1
4867,38126,116808,0,1
4868,38126,116832,0,1
4869,38126,116856,0,1
4870,38126,116880,0,1
4871,38126,116904,0,1
4872,38126,116928,0,1
4873,38126,116952,0,1
4874,38126,116976,0,1
4875,38126,117000,0,1
4876,38126,117024,0,1
4877,38126,117048,0,1
4878,38126,117072,0,1
4879,38126,117096,0,1
4880,38126,117120,0,1
4881,38126,117144,0,1
4882,38126,117168,0,1
4883,38126,117192,1,0
4884,38126,117216,0,1
4885,38126,117240,0,1
4886,38126,117264,1,0
4887,38126,117288,0,1
4888,38126,117312,0,1
4889,38126,117336,0,1
4890,38126,117360,0,1
4891,38126,117384,0,1
4892,38126,117408,0,1
4893,38126,117432,0,1
4894,38126,117456,0,1
4895,38126,117480,0,1
4896,38126,117504,0,1
4897,38126,117528,1,0
4898,38126,117552,1,0
4899,38126,117576,1,0
4900,38126,117600,1,0
4901,38126,117624,0,1
4902,38126,117648,0,1
4903,38126,117672,0,1
4904,38126,117696,0,1
4905,38126,117720,1,0
4906,38126,117744,1,0
4907,38126,117768,1,0
4908,38126,117792,1,0
4909,38126,117816,1,0
4910,38126,117840,1,0
4911,38126,117864,1,0
4912,38126,117888,1,0
4913,38126,117912,1,0
4914,38126,117936,1,0
4915,38126,117960,1,0
4916,38126,117984,1,0
4917,38126,118008,1,0
4918,38126,118032,1,0
4919,38126,118056,1,0
4920,38126,118080,1,0
4921,38126,118104,1,0
4922,38126,118128,1,0
4923,38126,118152,1,0
4924,38126,118176,1,0
4925,38126,118200,1,0
4926,38126,118224,1,0
4927,38126,118248,1,0
4928,38126,118272,1,0
4929,38126,118296,1,0
4930,38126,118320,1,0
4931,38126,118344,1,0
4932,38126,118368,1,0
4933,38126,118392,1,0
4934,38126,118416,1,0
4935,38126,118440,1,0
4936,38126,118464,1,0
4937,38126,118488,1,0
4938,38126,118512,1,0
4939,38126,118536,1,0
4940,38126,118560,1,0
4941,38126,118584,1,0
4942,38126,118608,0,1
4943,38126,118632,1,0
4944,38126,118656,1,0
4945,38126,118680,0,1
4946,38126,118704,1,0
4947,38126,118728,1,0
4948,38126,118752,0,1
4949,38126,118776,0,1
4950,38126,118800,0,1
4951,38126,118824,0,1
4952,38126,118848,0,1
4953,38126,118872,0,1
4954,38126,118896,0,1
4955,38126,118920,0,1
4956,38126,118944,0,1
4957,38126,118968,0,1
4958,38126,118992,0,1
4959,38126,119016,0,1
4960,38126,119040,0,1
4961,38126,119064,0,1
4962,38126,119088,0,1
4963,38126,119112,0,1
4964,38126,119136,0,1
4965,38126,119160,0,1
4966,38126,119184,0,1
4967,38126,119208,0,1
4968,38126,119232,0,1
4969,38126,119256,0,1
4970,38126,119280,0,1
4971,38126,119304,0,1
4972,38126,119328,0,1
4973,38126,119352,0,1
4974,38126,119376,0,1
4975,38126,119400,0,1
4976,38126,119424,0,1
4977,38126,119448,0,1
4978,38126,119472,0,1
4979,38126,119496,0,1
4980,38126,119520,0,1
4981,38126,119544,0,1
4982,38126,119568,0,1
4983,38126,119592,0,1
4984,38126,119616,0,1
4985,38126,119640,0,1
4986,38126,119664,0,1
4987,38126,119688,0,1
4988,38126,119712,0,1
4989,38126,119736,0,1
4990,38126,119760,0,1
4991,38126,119784,0,1
4992,38126,119808,0,1
4993,38126,119832,0,1
4994,38126,119856,0,1
4995,38126,119880,0,1
4996,38126,119904,0,1
4997,38126,119928,0,1
4998,38126,119952,0,1
4999,38126,119976,0,1
5000,38126,120000,0,1
5001,38126,120024,0,1
5002,38126,120048,0,1
5003,38126,120072,0,1
5004,38126,120096,0,1
5005,38126,120120,0,1
5006,38126,120144,0,1
5007,38126,120168,0,1
5008,38126,120192,0,1
5009,38126,120216,0,1
5010,38126,120240,0,1
5011,38126,120264,0,1
5012,38126,120288,0,1
5013,38126,120312,0,1
5014,38126,120336,0,1
5015,38126,120360,0,1
5016,38126,120384,0,1
5017,38126,120408,0,1
5018,38126,120432,0,1
5019,38126,120456,0,1
5020,38126,120480,0,1
5021,38126,120504,0,1
5022,38126,120528,0,1
5023,38126,120552,0,1
5024,38126,120576,1,0
5025,38126,120600,1,0
5026,38126,120624,1,0
5027,38126,120648,0,1
5028,38126,120672,0,1
5029,38126,120696,0,1
5030,38126,120720,0,1
5031,38126,120744,0,1
5032,38126,120768,0,1
5033,38126,120792,0,1
5034,38126,120816,0,1
5035,38126,120840,0,1
5036,38126,120864,0,1
5037,38126,120888,0,1
5038,38126,120912,0,1
5039,38126,120936,1,0
5040,38126,120960,0,1
5041,38126,120984,0,1
5042,38126,121008,0,1
5043,38126,121032,0,1
5044,38126,121056,0,1
5045,38126,121080,0,1
5046,38126,121104,0,1
5047,38126,121128,0,1
5048,38126,121152,0,1
5049,38126,121176,0,1
5050,38126,121200,0,1
5051,38126,121224,0,1
5052,38126,121248,0,1
5053,38126,121272,0,1
5054,38126,121296,0,1
5055,38126,121320,0,1
5056,38126,121344,0,1
5057,38126,121368,0,1
5058,38126,121392,0,1
5059,38126,121416,0,1
5060,38126,121440,0,1
5061,38126,121464,0,1
5062,38126,121488,0,1
5063,38126,121512,0,1
5064,38126,121536,0,1
5065,38126,121560,0,1
5066,38126,121584,0,1
5067,38126,121608,0,1
5068,38126,121632,0,1
5069,38126,121656,0,1
5070,38126,121680,0,1
5071,38126,121704,0,1
5072,38126,121728,0,1
5073,38126,121752,0,1
5074,38126,121776,1,0
5075,38126,121800,1,0
5076,38126,121824,1,0
5077,38126,121848,1,0
5078,38126,121872,1,0
5079,38126,121896,1,0
5080,38126,121920,1,0
5081,38126,121944,1,0
5082,38126,121968,1,0
5083,38126,121992,1,0
5084,38126,122016,1,0
5085,38126,122040,1,0
5086,38126,122064,1,0
5087,38126,122088,1,0
5088,38126,122112,1,0
5089,38126,122136,1,0
5090,38126,122160,0,1
5091,38126,122184,0,1
5092,38126,122208,0,1
5093,38126,122232,0,1
5094,38126,122256,0,1
5095,38126,122280,1,0
5096,38126,122304,1,0
5097,38126,122328,1,0
5098,38126,122352,0,1
5099,38126,122376,1,0
5100,38126,122400,1,0
5101,38126,122424,1,0
5102,38126,122448,1,0
5103,38126,122472,1,0
5104,38126,122496,1,0
5105,38126,122520,1,0
5106,38126,122544,0,1
5107,38126,122568,0,1
5108,38126,122592,0,1
5109,38126,122616,0,1
5110,38126,122640,0,1
5111,38126,122664,0,1
5112,38126,122688,0,1
5113,38126,122712,1,0
5114,38126,122736,0,1
5115,38126,122760,0,1
5116,38126,122784,0,1
5117,38126,122808,1,0
5118,38126,122832,1,0
5119,38126,122856,1,0
5120,38126,122880,0,1
5121,38126,122904,1,0
5122,38126,122928,0,1
5123,38126,122952,0,1
5124,38126,122976,1,0
5125,38126,123000,0,1
5126,38126,123024,0,1
5127,38126,123048,0,1
5128,38126,123072,0,1
5129,38126,123096,0,1
5130,38126,123120,0,1
5131,38126,123144,0,1
5132,38126,123168,0,1
5133,38126,123192,0,1
5134,38126,123216,0,1
5135,38126,123240,0,1
5136,38126,123264,0,1
5137,38126,123288,0,1
5138,38126,123312,0,1
5139,38126,123336,0,1
5140,38126,123360,0,1
5141,38126,123384,0,1
5142,38126,123408,0,1
5143,38126,123432,0,1
5144,38126,123456,0,1
5145,38126,123480,0,1
5146,38126,123504,0,1
5147,38126,123528,0,1
5148,38126,123552,0,1
5149,38126,123576,0,1
5150,38126,123600,0,1
5151,38126,123624,0,1
5152,38126,123648,0,1
5153,38126,123672,0,1
5154,38126,123696,0,1
5155,38126,123720,0,1
5156,38126,123744,0,1
5157,38126,123768,0,1
5158,38126,123792,0,1
5159,38126,123816,0,1
5160,38126,123840,0,1
5161,38126,123864,0,1
5162,38126,123888,0,1
5163,38126,123912,0,1
5164,38126,123936,0,1
5165,38126,123960,0,1
5166,38126,123984,0,1
5167,38126,124008,0,1
5168,38126,124032,0,1
5169,38126,124056,0,1
5170,38126,124080,0,1
5171,38126,124104,0,1
5172,38126,124128,0,1
5173,38126,124152,0,1
5174,38126,124176,0,1
5175,38126,124200,0,1
5176,38126,124224,0,1
5177,38126,124248,0,1
5178,38126,124272,0,1
5179,38126,124296,0,1
5180,38126,124320,0,1
5181,38126,124344,0,1
5182,38126,124368,1,0
5183,38126,124392,1,0
5184,38126,124416,1,0
5185,38126,124440,1,0
5186,38126,124464,1,0
5187,38126,124488,0,1
5188,38126,124512,0,1
5189,38126,124536,0,1
5190,38126,124560,0,1
5191,38126,124584,0,1
5192,38126,124608,0,1
5193,38126,124632,0,1
5194,38126,124656,0,1
5195,38126,124680,1,0
5196,38126,124704,0,1
5197,38126,124728,0,1
5198,38126,124752,0,1
5199,38126,124776,0,1
5200,38126,124800,1,0
5201,38126,124824,1,0
5202,38126,124848,1,0
5203,38126,124872,1,0
5204,38126,124896,1,0
5205,38126,124920,1,0
5206,38126,124944,1,0
5207,38126,124968,1,0
5208,38126,124992,1,0
5209,38126,125016,1,0
5210,38126,125040,0,1
5211,38126,125064,0,1
5212,38126,125088,0,1
5213,38126,125112,0,1
5214,38126,125136,0,1
5215,38126,125160,0,1
5216,38126,125184,0,1
5217,38126,125208,0,1
5218,38126,125232,0,1
5219,38126,125256,0,1
5220,38126,125280,0,1
5221,38126,125304,0,1
5222,38126,125328,0,1
5223,38126,125352,0,1
5224,38126,125376,0,1
5225,38126,125400,0,1
5226,38126,125424,0,1
5227,38126,125448,0,1
5228,38126,125472,0,1
5229,38126,125496,0,1
5230,38126,125520,0,1
5231,38126,125544,0,1
5232,38126,125568,0,1
5233,38126,125592,0,1
5234,38126,125616,0,1
5235,38126,125640,0,1
5236,38126,125664,0,1
5237,38126,125688,0,1
5238,38126,125712,0,1
5239,38126,125736,0,1
5240,38126,125760,0,1
5241,38126,125784,0,1
5242,38126,125808,0,1
5243,38126,125832,0,1
5244,38126,125856,0,1
5245,38126,125880,0,1
5246,38126,125904,0,1
5247,38126,125928,0,1
5248,38126,125952,0,1
5249,38126,125976,0,1
5250,38126,126000,0,1
5251,38126,126024,0,1
5252,38126,126048,0,1
5253,38126,126072,0,1
5254,38126,126096,0,1
5255,38126,126120,0,1
5256,38126,126144,0,1
5257,38126,126168,0,1
5258,38126,126192,0,1
5259,38126,126216,0,1
5260,38126,126240,0,1
5261,38126,126264,0,1
5262,38126,126288,0,1
5263,38126,126312,0,1
5264,38126,126336,0,1
5265,38126,126360,0,1
5266,38126,126384,0,1
5267,38126,126408,0,1
5268,38126,126432,0,1
5269,38126,126456,0,1
5270,38126,126480,0,1
5271,38126,126504,0,1
5272,38126,126528,0,1
5273,38126,126552,0,1
5274,38126,126576,0,1
5275,38126,126600,1,0
5276,38126,126624,1,0
5277,38126,126648,0,1
5278,38126,126672,0,1
5279,38126,126696,0,1
5280,38126,126720,0,1
5281,38126,126744,0,1
5282,38126,126768,0,1
5283,38126,126792,0,1
5284,38126,126816,0,1
5285,38126,126840,0,1
5286,38126,126864,0,1
5287,38126,126888,0,1
5288,38126,126912,0,1
5289,38126,126936,0,1
5290,38126,126960,0,1
5291,38126,126984,0,1
5292,38126,127008,0,1
5293,38126,127032,0,1
5294,38126,127056,0,1
5295,38126,127080,0,1
5296,38126,127104,0,1
5297,38126,127128,0,1
5298,38126,127152,0,1
5299,38126,127176,0,1
5300,38126,127200,0,1
5301,38126,127224,0,1
5302,38126,127248,0,1
5303,38126,127272,0,1
5304,38126,127296,0,1
5305,38126,127320,0,1
5306,38126,127344,0,1
5307,38126,127368,0,1
5308,38126,127392,0,1
5309,38126,127416,0,1
5310,38126,127440,0,1
5311,38126,127464,0,1
5312,38126,127488,0,1
5313,38126,127512,0,1
5314,38126,127536,0,1
5315,38126,127560,0,1
5316,38126,127584,0,1
5317,38126,127608,0,1
5318,38126,127632,0,1
5319,38126,127656,0,1
5320,38126,127680,0,1
5321,38126,127704,0,1
5322,38126,127728,0,1
5323,38126,127752,0,1
5324,38126,127776,0,1
5325,38126,127800,0,1
5326,38126,127824,0,1
5327,38126,127848,0,1
5328,38126,127872,0,1
5329,38126,127896,0,1
5330,38126,127920,0,1
5331,38126,127944,0,1
5332,38126,127968,0,1
5333,38126,127992,0,1
5334,38126,128016,0,1
5335,38126,128040,0,1
5336,38126,128064,0,1
5337,38126,128088,0,1
5338,38126,128112,0,1
5339,38126,128136,0,1
5340,38126,128160,0,1
5341,38126,128184,0,1
5342,38126,128208,0,1
5343,38126,128232,0,1
5344,38126,128256,0,1
5345,38126,128280,0,1
5346,38126,128304,0,1
5347,38126,128328,0,1
5348,38126,128352,0,1
5349,38126,128376,0,1
5350,38126,128400,0,1
5351,38126,128424,0,1
5352,38126,128448,0,1
5353,38126,128472,0,1
5354,38126,128496,0,1
5355,38126,128520,0,1
5356,38126,128544,0,1
5357,38126,128568,0,1
5358,38126,128592,0,1
5359,38126,128616,0,1
5360,38126,128640,0,1
5361,38126,128664,0,1
5362,38126,128688,0,1
5363,38126,128712,0,1
5364,38126,128736,0,1
5365,38126,128760,0,1
5366,38126,128784,0,1
5367,38126,128808,0,1
5368,38126,128832,0,1
5369,38126,128856,0,1
5370,38126,128880,0,1
5371,38126,128904,0,1
5372,38126,128928,0,1
5373,38126,128952,0,1
5374,38126,128976,0,1
5375,38126,129000,0,1
5376,38126,129024,0,1
5377,38126,129048,0,1
5378,38126,129072,0,1
5379,38126,129096,0,1
5380,38126,129120,0,1
5381,38126,129144,0,1
5382,38126,129168,0,1
5383,38126,129192,0,1
5384,38126,129216,0,1
5385,38126,129240,0,1
5386,38126,129264,0,1
5387,38126,129288,0,1
5388,38126,129312,0,1
5389,38126,129336,0,1
5390,38126,129360,0,1
5391,38126,129384,0,1
5392,38126,129408,0,1
5393,38126,129432,0,1
5394,38126,129456,0,1
5395,38126,129480,0,1
5396,38126,129504,0,1
5397,38126,129528,0,1
5398,38126,129552,0,1
5399,38126,129576,0,1
5400,38126,129600,0,1
5401,38126,129624,0,1
5402,38126,129648,0,1
5403,38126,129672,0,1
5404,38126,129696,0,1
5405,38126,129720,0,1
5406,38126,129744,0,1
5407,38126,129768,0,1
5408,38126,129792,0,1
5409,38126,129816,0,1
5410,38126,129840,0,1
5411,38126,129864,0,1
5412,38126,129888,0,1
5413,38126,129912,0,1
5414,38126,129936,0,1
5415,38126,129960,0,1
5416,38126,129984,0,1
5417,38126,130008,0,1
5418,38126,130032,0,1
5419,38126,130056,0,1
5420,38126,130080,0,1
5421,38126,130104,0,1
5422,38126,130128,0,1
5423,38126,130152,0,1
5424,38126,130176,0,1
5425,38126,130200,0,1
5426,38126,130224,0,1
5427,38126,130248,0,1
5428,38126,130272,0,1
5429,38126,130296,0,1
5430,38126,130320,0,1
5431,38126,130344,0,1
5432,38126,130368,0,1
5433,38126,130392,0,1
5434,38126,130416,0,1
5435,38126,130440,0,1
5436,38126,130464,0,1
5437,38126,130488,0,1
5438,38126,130512,0,1
5439,38126,130536,0,1
5440,38126,130560,0,1
5441,38126,130584,0,1
5442,38126,130608,0,1
5443,38126,130632,0,1
5444,38126,130656,0,1
5445,38126,130680,0,1
5446,38126,130704,0,1
5447,38126,130728,0,1
5448,38126,130752,0,1
5449,38126,130776,0,1
5450,38126,130800,0,1
5451,38126,130824,0,1
5452,38126,130848,0,1
5453,38126,130872,0,1
5454,38126,130896,0,1
5455,38126,130920,0,1
5456,38126,130944,0,1
5457,38126,130968,0,1
5458,38126,130992,0,1
5459,38126,131016,0,1
5460,38126,131040,0,1
5461,38126,131064,0,1
5462,38126,131088,0,1
5463,38126,131112,0,1
5464,38126,131136,0,1
5465,38126,131160,0,1
5466,38126,131184,0,1
5467,38126,131208,0,1
5468,38126,131232,0,1
5469,38126,131256,0,1
5470,38126,131280,0,1
5471,38126,131304,0,1
5472,38126,131328,0,1
5473,38126,131352,0,1
5474,38126,131376,0,1
5475,38126,131400,0,1
5476,38126,131424,0,1
5477,38126,131448,0,1
5478,38126,131472,0,1
5479,38126,131496,0,1
5480,38126,131520,0,1
5481,38126,131544,0,1
5482,38126,131568,0,1
5483,38126,131592,0,1
5484,38126,131616,0,1
5485,38126,131640,0,1
5486,38126,131664,0,1
5487,38126,131688,0,1
5488,38126,131712,0,1
5489,38126,131736,0,1
5490,38126,131760,0,1
5491,38126,131784,0,1
5492,38126,131808,0,1
5493,38126,131832,0,1
5494,38126,131856,0,1
5495,38126,131880,0,1
5496,38126,131904,0,1
5497,38126,131928,0,1
5498,38126,131952,0,1
5499,38126,131976,0,1
5500,38126,132000,0,1
5501,38126,132024,0,1
5502,38126,132048,0,1
5503,38126,132072,0,1
5504,38126,132096,0,1
5505,38126,132120,0,1
5506,38126,132144,0,1
5507,38126,132168,0,1
5508,38126,132192,0,1
5509,38126,132216,0,1
5510,38126,132240,0,1
5511,38126,132264,0,1
5512,38126,132288,0,1
5513,38126,132312,0,1
5514,38126,132336,0,1
5515,38126,132360,0,1
5516,38126,132384,0,1
5517,38126,132408,0,1
5518,38126,132432,0,1
5519,38126,132456,0,1
5520,38126,132480,0,1
5521,38126,132504,0,1
5522,38126,132528,0,1
5523,38126,132552,0,1
5524,38126,132576,0,1
5525,38126,132600,0,1
5526,38126,132624,0,1
5527,38126,132648,0,1
5528,38126,132672,0,1
5529,38126,132696,0,1
5530,38126,132720,0,1
5531,38126,132744,0,1
5532,38126,132768,0,1
5533,38126,132792,0,1
5534,38126,132816,0,1
5535,38126,132840,0,1
5536,38126,132864,0,1
5537,38126,132888,0,1
5538,38126,132912,0,1
5539,38126,132936,0,1
5540,38126,132960,0,1
5541,38126,132984,0,1
5542,38126,133008,0,1
5543,38126,133032,0,1
5544,38126,133056,0,1
5545,38126,133080,0,1
5546,38126,133104,0,1
5547,38126,133128,0,1
5548,38126,133152,0,1
5549,38126,133176,0,1
5550,38126,133200,0,1
5551,38126,133224,0,1
5552,38126,133248,0,1
5553,38126,133272,0,1
5554,38126,133296,0,1
5555,38126,133320,0,1
5556,38126,133344,0,1
5557,38126,133368,0,1
5558,38126,133392,0,1
5559,38126,133416,0,1
5560,38126,133440,0,1
5561,38126,133464,0,1
5562,38126,133488,0,1
5563,38126,133512,0,1
5564,38126,133536,0,1
5565,38126,133560,1,0
5566,38126,133584,0,1
5567,38126,133608,0,1
5568,38126,133632,0,1
5569,38126,133656,0,1
5570,38126,133680,0,1
5571,38126,133704,0,1
5572,38126,133728,0,1
5573,38126,133752,0,1
5574,38126,133776,0,1
5575,38126,133800,0,1
5576,38126,133824,0,1
5577,38126,133848,0,1
5578,38126,133872,0,1
5579,38126,133896,0,1
5580,38126,133920,0,1
5581,38126,133944,0,1
5582,38126,133968,0,1
5583,38126,133992,0,1
5584,38126,134016,0,1
5585,38126,134040,0,1
5586,38126,134064,0,1
5587,38126,134088,0,1
5588,38126,134112,0,1
5589,38126,134136,0,1
5590,38126,134160,0,1
5591,38126,134184,0,1
5592,38126,134208,0,1
5593,38126,134232,0,1
5594,38126,134256,0,1
5595,38126,134280,0,1
5596,38126,134304,0,1
5597,38126,134328,0,1
5598,38126,134352,0,1
5599,38126,134376,0,1
5600,38126,134400,0,1
5601,38126,134424,0,1
5602,38126,134448,0,1
5603,38126,134472,0,1
5604,38126,134496,0,1
5605,38126,134520,0,1
5606,38126,134544,0,1
5607,38126,134568,0,1
5608,38126,134592,0,1
5609,38126,134616,0,1
5610,38126,134640,0,1
5611,38126,134664,0,1
5612,38126,134688,0,1
5613,38126,134712,0,1
5614,38126,134736,0,1
5615,38126,134760,0,1
5616,38126,134784,0,1
5617,38126,134808,0,1
5618,38126,134832,0,1
5619,38126,134856,0,1
5620,38126,134880,0,1
5621,38126,134904,0,1
5622,38126,134928,0,1
5623,38126,134952,0,1
5624,38126,134976,0,1
5625,38126,135000,0,1
5626,38126,135024,0,1
5627,38126,135048,0,1
5628,38126,135072,0,1
5629,38126,135096,0,1
5630,38126,135120,0,1
5631,38126,135144,0,1
5632,38126,135168,0,1
5633,38126,135192,0,1
5634,38126,135216,0,1
5635,38126,135240,0,1
5636,38126,135264,0,1
5637,38126,135288,0,1
5638,38126,135312,0,1
5639,38126,135336,0,1
5640,38126,135360,0,1
5641,38126,135384,0,1
5642,38126,135408,0,1
5643,38126,135432,0,1
5644,38126,135456,0,1
5645,38126,135480,0,1
5646,38126,135504,0,1
5647,38126,135528,0,1
5648,38126,135552,0,1
5649,38126,135576,0,1
5650,38126,135600,0,1
5651,38126,135624,0,1
5652,38126,135648,0,1
5653,38126,135672,0,1
5654,38126,135696,0,1
5655,38126,135720,0,1
5656,38126,135744,0,1
5657,38126,135768,0,1
5658,38126,135792,0,1
5659,38126,135816,0,1
5660,38126,135840,0,1
5661,38126,135864,0,1
5662,38126,135888,0,1
5663,38126,135912,0,1
5664,38126,135936,0,1
5665,38126,135960,0,1
5666,38126,135984,0,1
5667,38126,136008,0,1
5668,38126,136032,0,1
5669,38126,136056,0,1
5670,38126,136080,0,1
5671,38126,136104,0,1
5672,38126,136128,0,1
5673,38126,136152,0,1
5674,38126,136176,0,1
5675,38126,136200,0,1
5676,38126,136224,0,1
5677,38126,136248,0,1
5678,38126,136272,0,1
5679,38126,136296,0,1
5680,38126,136320,0,1
5681,38126,136344,0,1
5682,38126,136368,0,1
5683,38126,136392,0,1
5684,38126,136416,0,1
5685,38126,136440,0,1
5686,38126,136464,0,1
5687,38126,136488,0,1
5688,38126,136512,0,1
5689,38126,136536,0,1
5690,38126,136560,0,1
5691,38126,136584,0,1
5692,38126,136608,0,1
5693,38126,136632,0,1
5694,38126,136656,0,1
5695,38126,136680,0,1
5696,38126,136704,0,1
5697,38126,136728,0,1
5698,38126,136752,0,1
5699,38126,136776,0,1
5700,38126,136800,0,1
5701,38126,136824,0,1
5702,38126,136848,1,0
5703,38126,136872,0,1
5704,38126,136896,1,0
5705,38126,136920,0,1
5706,38126,136944,0,1
5707,38126,136968,0,1
5708,38126,136992,0,1
5709,38126,137016,0,1
5710,38126,137040,0,1
5711,38126,137064,0,1
5712,38126,137088,0,1
5713,38126,137112,0,1
5714,38126,137136,0,1
5715,38126,137160,0,1
5716,38126,137184,0,1
5717,38126,137208,0,1
5718,38126,137232,0,1
5719,38126,137256,1,0
5720,38126,137280,1,0
5721,38126,137304,0,1
5722,38126,137328,1,0
5723,38126,137352,1,0
5724,38126,137376,0,1
5725,38126,137400,0,1
5726,38126,137424,0,1
5727,38126,137448,0,1
5728,38126,137472,0,1
5729,38126,137496,0,1
5730,38126,137520,0,1
5731,38126,137544,0,1
5732,38126,137568,0,1
5733,38126,137592,0,1
5734,38126,137616,0,1
5735,38126,137640,0,1
5736,38126,137664,0,1
5737,38126,137688,0,1
5738,38126,137712,0,1
5739,38126,137736,1,0
5740,38126,137760,0,1
5741,38126,137784,0,1
5742,38126,137808,0,1
5743,38126,137832,0,1
5744,38126,137856,0,1
5745,38126,137880,0,1
5746,38126,137904,0,1
5747,38126,137928,0,1
5748,38126,137952,0,1
5749,38126,137976,0,1
5750,38126,138000,0,1
5751,38126,138024,0,1
5752,38126,138048,0,1
5753,38126,138072,0,1
5754,38126,138096,0,1
5755,38126,138120,0,1
5756,38126,138144,0,1
5757,38126,138168,0,1
5758,38126,138192,0,1
5759,38126,138216,0,1
5760,38126,138240,0,1
5761,38126,138264,0,1
5762,38126,138288,0,1
5763,38126,138312,0,1
5764,38126,138336,0,1
5765,38126,138360,0,1
5766,38126,138384,0,1
5767,38126,138408,0,1
5768,38126,138432,0,1
5769,38126,138456,0,1
5770,38126,138480,0,1
5771,38126,138504,0,1
5772,38126,138528,0,1
5773,38126,138552,0,1
5774,38126,138576,0,1
5775,38126,138600,0,1
5776,38126,138624,0,1
5777,38126,138648,0,1
5778,38126,138672,0,1
5779,38126,138696,0,1
5780,38126,138720,0,1
5781,38126,138744,0,1
5782,38126,138768,0,1
5783,38126,138792,0,1
5784,38126,138816,0,1
5785,38126,138840,0,1
5786,38126,138864,0,1
5787,38126,138888,0,1
5788,38126,138912,0,1
5789,38126,138936,0,1
5790,38126,138960,0,1
5791,38126,138984,0,1
5792,38126,139008,0,1
5793,38126,139032,0,1
5794,38126,139056,0,1
5795,38126,139080,1,0
5796,38126,139104,0,1
5797,38126,139128,0,1
5798,38126,139152,0,1
5799,38126,139176,0,1
5800,38126,139200,0,1
5801,38126,139224,0,1
5802,38126,139248,0,1
5803,38126,139272,0,1
5804,38126,139296,0,1
5805,38126,139320,0,1
5806,38126,139344,0,1
5807,38126,139368,0,1
5808,38126,139392,0,1
5809,38126,139416,1,0
5810,38126,139440,1,0
5811,38126,139464,0,1
5812,38126,139488,0,1
5813,38126,139512,0,1
5814,38126,139536,0,1
5815,38126,139560,0,1
5816,38126,139584,0,1
5817,38126,139608,0,1
5818,38126,139632,0,1
5819,38126,139656,0,1
5820,38126,139680,0,1
5821,38126,139704,1,0
5822,38126,139728,1,0
5823,38126,139752,0,1
5824,38126,139776,0,1
5825,38126,139800,0,1
5826,38126,139824,1,0
5827,38126,139848,1,0
5828,38126,139872,1,0
5829,38126,139896,1,0
5830,38126,139920,1,0
5831,38126,139944,0,1
5832,38126,139968,1,0
5833,38126,139992,1,0
5834,38126,140016,0,1
5835,38126,140040,0,1
5836,38126,140064,0,1
5837,38126,140088,1,0
5838,38126,140112,1,0
5839,38126,140136,1,0
5840,38126,140160,1,0
5841,38126,140184,1,0
5842,38126,140208,1,0
5843,38126,140232,1,0
5844,38126,140256,1,0
5845,38126,140280,1,0
5846,38126,140304,1,0
5847,38126,140328,1,0
5848,38126,140352,1,0
5849,38126,140376,1,0
5850,38126,140400,1,0
5851,38126,140424,0,1
5852,38126,140448,0,1
5853,38126,140472,0,1
5854,38126,140496,0,1
5855,38126,140520,0,1
5856,38126,140544,0,1
5857,38126,140568,0,1
5858,38126,140592,0,1
5859,38126,140616,0,1
5860,38126,140640,0,1
5861,38126,140664,0,1
5862,38126,140688,0,1
5863,38126,140712,0,1
5864,38126,140736,0,1
5865,38126,140760,0,1
5866,38126,140784,0,1
5867,38126,140808,0,1
5868,38126,140832,0,1
5869,38126,140856,0,1
5870,38126,140880,0,1
5871,38126,140904,0,1
5872,38126,140928,0,1
5873,38126,140952,0,1
5874,38126,140976,0,1
5875,38126,141000,0,1
5876,38126,141024,0,1
5877,38126,141048,0,1
5878,38126,141072,0,1
5879,38126,141096,0,1
5880,38126,141120,0,1
5881,38126,141144,0,1
5882,38126,141168,0,1
5883,38126,141192,0,1
5884,38126,141216,0,1
5885,38126,141240,0,1
5886,38126,141264,0,1
5887,38126,141288,0,1
5888,38126,141312,0,1
5889,38126,141336,0,1
5890,38126,141360,0,1
5891,38126,141384,0,1
5892,38126,141408,0,1
5893,38126,141432,0,1
5894,38126,141456,1,0
5895,38126,141480,1,0
5896,38126,141504,1,0
5897,38126,141528,0,1
5898,38126,141552,0,1
5899,38126,141576,0,1
5900,38126,141600,1,0
5901,38126,141624,0,1
5902,38126,141648,0,1
5903,38126,141672,0,1
5904,38126,141696,0,1
5905,38126,141720,0,1
5906,38126,141744,0,1
5907,38126,141768,0,1
5908,38126,141792,0,1
5909,38126,141816,0,1
5910,38126,141840,0,1
5911,38126,141864,0,1
5912,38126,141888,0,1
5913,38126,141912,0,1
5914,38126,141936,0,1
5915,38126,141960,0,1
5916,38126,141984,0,1
5917,38126,142008,0,1
5918,38126,142032,0,1
5919,38126,142056,0,1
5920,38126,142080,0,1
5921,38126,142104,0,1
5922,38126,142128,0,1
5923,38126,142152,0,1
5924,38126,142176,0,1
5925,38126,142200,0,1
5926,38126,142224,0,1
5927,38126,142248,0,1
5928,38126,142272,0,1
5929,38126,142296,0,1
5930,38126,142320,0,1
5931,38126,142344,0,1
5932,38126,142368,0,1
5933,38126,142392,0,1
5934,38126,142416,0,1
5935,38126,142440,0,1
5936,38126,142464,0,1
5937,38126,142488,0,1
5938,38126,142512,0,1
5939,38126,142536,0,1
5940,38126,142560,0,1
5941,38126,142584,0,1
5942,38126,142608,0,1
5943,38126,142632,0,1
5944,38126,142656,0,1
5945,38126,142680,0,1
5946,38126,142704,0,1
5947,38126,142728,0,1
5948,38126,142752,0,1
5949,38126,142776,0,1
5950,38126,142800,0,1
5951,38126,142824,0,1
5952,38126,142848,0,1
5953,38126,142872,0,1
5954,38126,142896,0,1
5955,38126,142920,0,1
5956,38126,142944,0,1
5957,38126,142968,0,1
5958,38126,142992,0,1
5959,38126,143016,0,1
5960,38126,143040,0,1
5961,38126,143064,0,1
5962,38126,143088,0,1
5963,38126,143112,0,1
5964,38126,143136,0,1
5965,38126,143160,0,1
5966,38126,143184,0,1
5967,38126,143208,0,1
5968,38126,143232,0,1
5969,38126,143256,0,1
5970,38126,143280,0,1
5971,38126,143304,0,1
5972,38126,143328,0,1
5973,38126,143352,0,1
5974,38126,143376,0,1
5975,38126,143400,0,1
5976,38126,143424,0,1
5977,38126,143448,0,1
5978,38126,143472,0,1
5979,38126,143496,0,1
5980,38126,143520,0,1
5981,38126,143544,0,1
5982,38126,143568,0,1
5983,38126,143592,0,1
5984,38126,143616,0,1
5985,38126,143640,0,1
5986,38126,143664,0,1
5987,38126,143688,0,1
5988,38126,143712,0,1
5989,38126,143736,0,1
5990,38126,143760,0,1
5991,38126,143784,0,1
5992,38126,143808,0,1
5993,38126,143832,0,1
5994,38126,143856,0,1
5995,38126,143880,0,1
5996,38126,143904,0,1
5997,38126,143928,0,1
5998,38126,143952,0,1
5999,38126,143976,0,1
6000,38126,144000,0,1
6001,38126,144024,0,1
6002,38126,144048,0,1
6003,38126,144072,0,1
6004,38126,144096,0,1
6005,38126,144120,0,1
6006,38126,144144,0,1
6007,38126,144168,0,1
6008,38126,144192,0,1
6009,38126,144216,0,1
6010,38126,144240,0,1
6011,38126,144264,0,1
6012,38126,144288,0,1
6013,38126,144312,0,1
6014,38126,144336,0,1
6015,38126,144360,0,1
6016,38126,144384,0,1
6017,38126,144408,0,1
6018,38126,144432,0,1
6019,38126,144456,0,1
6020,38126,144480,0,1
6021,38126,144504,0,1
6022,38126,144528,0,1
6023,38126,144552,0,1
6024,38126,144576,0,1
6025,38126,144600,0,1
6026,38126,144624,0,1
6027,38126,144648,0,1
6028,38126,144672,0,1
6029,38126,144696,0,1
6030,38126,144720,0,1
6031,38126,144744,0,1
6032,38126,144768,0,1
6033,38126,144792,0,1
6034,38126,144816,0,1
6035,38126,144840,0,1
6036,38126,144864,0,1
6037,38126,144888,0,1
6038,38126,144912,0,1
6039,38126,144936,0,1
6040,38126,144960,0,1
6041,38126,144984,0,1
6042,38126,145008,0,1
6043,38126,145032,0,1
6044,38126,145056,0,1
6045,38126,145080,0,1
6046,38126,145104,0,1
6047,38126,145128,0,1
6048,38126,145152,0,1
6049,38126,145176,0,1
6050,38126,145200,0,1
6051,38126,145224,0,1
6052,38126,145248,0,1
6053,38126,145272,0,1
6054,38126,145296,0,1
6055,38126,145320,0,1
6056,38126,145344,0,1
6057,38126,145368,0,1
6058,38126,145392,0,1
6059,38126,145416,0,1
6060,38126,145440,0,1
6061,38126,145464,1,0
6062,38126,145488,1,0
6063,38126,145512,0,1
6064,38126,145536,0,1
6065,38126,145560,0,1
6066,38126,145584,0,1
6067,38126,145608,1,0
6068,38126,145632,0,1
6069,38126,145656,0,1
6070,38126,145680,0,1
6071,38126,145704,0,1
6072,38126,145728,0,1
6073,38126,145752,0,1
6074,38126,145776,0,1
6075,38126,145800,0,1
6076,38126,145824,0,1
6077,38126,145848,0,1
6078,38126,145872,0,1
6079,38126,145896,0,1
6080,38126,145920,0,1
6081,38126,145944,0,1
6082,38126,145968,0,1
6083,38126,145992,1,0
6084,38126,146016,1,0
6085,38126,146040,0,1
6086,38126,146064,0,1
6087,38126,146088,0,1
6088,38126,146112,0,1
6089,38126,146136,0,1
6090,38126,146160,0,1
6091,38126,146184,0,1
6092,38126,146208,0,1
6093,38126,146232,0,1
6094,38126,146256,0,1
6095,38126,146280,0,1
6096,38126,146304,0,1
6097,38126,146328,0,1
6098,38126,146352,0,1
6099,38126,146376,0,1
6100,38126,146400,0,1
6101,38126,146424,0,1
6102,38126,146448,0,1
6103,38126,146472,0,1
6104,38126,146496,1,0
6105,38126,146520,1,0
6106,38126,146544,1,0
6107,38126,146568,1,0
6108,38126,146592,0,1
6109,38126,146616,0,1
6110,38126,146640,0,1
6111,38126,146664,0,1
6112,38126,146688,0,1
6113,38126,146712,0,1
6114,38126,146736,0,1
6115,38126,146760,0,1
6116,38126,146784,0,1
6117,38126,146808,0,1
6118,38126,146832,0,1
6119,38126,146856,1,0
6120,38126,146880,0,1
6121,38126,146904,0,1
6122,38126,146928,0,1
6123,38126,146952,0,1
6124,38126,146976,0,1
6125,38126,147000,0,1
6126,38126,147024,0,1
6127,38126,147048,0,1
6128,38126,147072,0,1
6129,38126,147096,0,1
6130,38126,147120,0,1
6131,38126,147144,0,1
6132,38126,147168,0,1
6133,38126,147192,0,1
6134,38126,147216,0,1
6135,38126,147240,0,1
6136,38126,147264,0,1
6137,38126,147288,0,1
6138,38126,147312,0,1
6139,38126,147336,0,1
6140,38126,147360,0,1
6141,38126,147384,0,1
6142,38126,147408,0,1
6143,38126,147432,0,1
6144,38126,147456,0,1
6145,38126,147480,0,1
6146,38126,147504,0,1
6147,38126,147528,0,1
6148,38126,147552,0,1
6149,38126,147576,0,1
6150,38126,147600,0,1
6151,38126,147624,0,1
6152,38126,147648,0,1
6153,38126,147672,0,1
6154,38126,147696,0,1
6155,38126,147720,0,1
6156,38126,147744,0,1
6157,38126,147768,0,1
6158,38126,147792,0,1
6159,38126,147816,0,1
6160,38126,147840,0,1
6161,38126,147864,0,1
6162,38126,147888,0,1
6163,38126,147912,0,1
6164,38126,147936,0,1
6165,38126,147960,0,1
6166,38126,147984,0,1
6167,38126,148008,0,1
6168,38126,148032,0,1
6169,38126,148056,0,1
6170,38126,148080,0,1
6171,38126,148104,0,1
6172,38126,148128,0,1
6173,38126,148152,0,1
6174,38126,148176,0,1
6175,38126,148200,0,1
6176,38126,148224,0,1
6177,38126,148248,0,1
6178,38126,148272,0,1
6179,38126,148296,0,1
6180,38126,148320,0,1
6181,38126,148344,0,1
6182,38126,148368,0,1
6183,38126,148392,0,1
6184,38126,148416,0,1
6185,38126,148440,0,1
6186,38126,148464,0,1
6187,38126,148488,0,1
6188,38126,148512,0,1
6189,38126,148536,0,1
6190,38126,148560,0,1
6191,38126,148584,0,1
6192,38126,148608,0,1
6193,38126,148632,0,1
6194,38126,148656,0,1
6195,38126,148680,0,1
6196,38126,148704,0,1
6197,38126,148728,0,1
6198,38126,148752,0,1
6199,38126,148776,0,1
6200,38126,148800,0,1
6201,38126,148824,0,1
6202,38126,148848,0,1
6203,38126,148872,0,1
6204,38126,148896,0,1
6205,38126,148920,0,1
6206,38126,148944,0,1
6207,38126,148968,0,1
6208,38126,148992,1,0
6209,38126,149016,0,1
6210,38126,149040,0,1
6211,38126,149064,0,1
6212,38126,149088,0,1
6213,38126,149112,0,1
6214,38126,149136,0,1
6215,38126,149160,0,1
6216,38126,149184,0,1
6217,38126,149208,0,1
6218,38126,149232,0,1
6219,38126,149256,0,1
6220,38126,149280,0,1
6221,38126,149304,0,1
6222,38126,149328,0,1
6223,38126,149352,0,1
6224,38126,149376,0,1
6225,38126,149400,0,1
6226,38126,149424,0,1
6227,38126,149448,0,1
6228,38126,149472,0,1
6229,38126,149496,0,1
6230,38126,149520,0,1
6231,38126,149544,0,1
6232,38126,149568,0,1
6233,38126,149592,0,1
6234,38126,149616,0,1
6235,38126,149640,0,1
6236,38126,149664,0,1
6237,38126,149688,0,1
6238,38126,149712,0,1
6239,38126,149736,0,1
6240,38126,149760,1,0
6241,38126,149784,1,0
6242,38126,149808,1,0
6243,38126,149832,0,1
6244,38126,149856,0,1
6245,38126,149880,0,1
6246,38126,149904,0,1
6247,38126,149928,0,1
6248,38126,149952,0,1
6249,38126,149976,0,1
6250,38126,150000,0,1
6251,38126,150024,0,1
6252,38126,150048,0,1
6253,38126,150072,0,1
6254,38126,150096,1,0
6255,38126,150120,1,0
6256,38126,150144,1,0
6257,38126,150168,1,0
6258,38126,150192,1,0
6259,38126,150216,1,0
6260,38126,150240,1,0
6261,38126,150264,0,1
6262,38126,150288,0,1
6263,38126,150312,0,1
6264,38126,150336,0,1
6265,38126,150360,0,1
6266,38126,150384,0,1
6267,38126,150408,0,1
6268,38126,150432,0,1
6269,38126,150456,0,1
6270,38126,150480,0,1
6271,38126,150504,0,1
6272,38126,150528,0,1
6273,38126,150552,0,1
6274,38126,150576,0,1
6275,38126,150600,0,1
6276,38126,150624,0,1
6277,38126,150648,0,1
6278,38126,150672,0,1
6279,38126,150696,0,1
6280,38126,150720,0,1
6281,38126,150744,0,1
6282,38126,150768,0,1
6283,38126,150792,0,1
6284,38126,150816,0,1
6285,38126,150840,0,1
6286,38126,150864,0,1
6287,38126,150888,0,1
6288,38126,150912,0,1
6289,38126,150936,0,1
6290,38126,150960,0,1
6291,38126,150984,0,1
6292,38126,151008,0,1
6293,38126,151032,0,1
6294,38126,151056,0,1
6295,38126,151080,0,1
6296,38126,151104,0,1
6297,38126,151128,0,1
6298,38126,151152,0,1
6299,38126,151176,0,1
6300,38126,151200,0,1
6301,38126,151224,0,1
6302,38126,151248,0,1
6303,38126,151272,0,1
6304,38126,151296,0,1
6305,38126,151320,0,1
6306,38126,151344,0,1
6307,38126,151368,0,1
6308,38126,151392,0,1
6309,38126,151416,1,0
6310,38126,151440,0,1
6311,38126,151464,0,1
6312,38126,151488,0,1
6313,38126,151512,0,1
6314,38126,151536,0,1
6315,38126,151560,0,1
6316,38126,151584,0,1
6317,38126,151608,0,1
6318,38126,151632,0,1
6319,38126,151656,0,1
6320,38126,151680,0,1
6321,38126,151704,0,1
6322,38126,151728,0,1
6323,38126,151752,0,1
6324,38126,151776,0,1
6325,38126,151800,0,1
6326,38126,151824,0,1
6327,38126,151848,0,1
6328,38126,151872,0,1
6329,38126,151896,0,1
6330,38126,151920,0,1
6331,38126,151944,0,1
6332,38126,151968,0,1
6333,38126,151992,0,1
6334,38126,152016,0,1
6335,38126,152040,0,1
6336,38126,152064,0,1
6337,38126,152088,0,1
6338,38126,152112,0,1
6339,38126,152136,0,1
6340,38126,152160,0,1
6341,38126,152184,0,1
6342,38126,152208,0,1
6343,38126,152232,0,1
6344,38126,152256,0,1
6345,38126,152280,0,1
6346,38126,152304,0,1
6347,38126,152328,0,1
6348,38126,152352,0,1
6349,38126,152376,0,1
6350,38126,152400,0,1
6351,38126,152424,0,1
6352,38126,152448,0,1
6353,38126,152472,0,1
6354,38126,152496,0,1
6355,38126,152520,0,1
6356,38126,152544,0,1
6357,38126,152568,0,1
6358,38126,152592,0,1
6359,38126,152616,0,1
6360,38126,152640,0,1
6361,38126,152664,0,1
6362,38126,152688,0,1
6363,38126,152712,0,1
6364,38126,152736,0,1
6365,38126,152760,0,1
6366,38126,152784,0,1
6367,38126,152808,0,1
6368,38126,152832,0,1
6369,38126,152856,0,1
6370,38126,152880,0,1
6371,38126,152904,0,1
6372,38126,152928,0,1
6373,38126,152952,0,1
6374,38126,152976,0,1
6375,38126,153000,0,1
6376,38126,153024,0,1
6377,38126,153048,0,1
