,imdb_id,frame_num,is_car,is_not_car
0,56566,0,0,1
1,56566,24,0,1
2,56566,48,0,1
3,56566,72,0,1
4,56566,96,0,1
5,56566,120,0,1
6,56566,144,0,1
7,56566,168,0,1
8,56566,192,0,1
9,56566,216,0,1
10,56566,240,0,1
11,56566,264,0,1
12,56566,288,0,1
13,56566,312,0,1
14,56566,336,0,1
15,56566,360,0,1
16,56566,384,0,1
17,56566,408,0,1
18,56566,432,0,1
19,56566,456,0,1
20,56566,480,0,1
21,56566,504,0,1
22,56566,528,0,1
23,56566,552,0,1
24,56566,576,0,1
25,56566,600,0,1
26,56566,624,0,1
27,56566,648,0,1
28,56566,672,0,1
29,56566,696,0,1
30,56566,720,0,1
31,56566,744,0,1
32,56566,768,0,1
33,56566,792,0,1
34,56566,816,0,1
35,56566,840,0,1
36,56566,864,0,1
37,56566,888,0,1
38,56566,912,0,1
39,56566,936,0,1
40,56566,960,0,1
41,56566,984,0,1
42,56566,1008,0,1
43,56566,1032,0,1
44,56566,1056,0,1
45,56566,1080,0,1
46,56566,1104,0,1
47,56566,1128,0,1
48,56566,1152,0,1
49,56566,1176,0,1
50,56566,1200,0,1
51,56566,1224,0,1
52,56566,1248,0,1
53,56566,1272,0,1
54,56566,1296,0,1
55,56566,1320,0,1
56,56566,1344,0,1
57,56566,1368,0,1
58,56566,1392,0,1
59,56566,1416,0,1
60,56566,1440,0,1
61,56566,1464,0,1
62,56566,1488,0,1
63,56566,1512,0,1
64,56566,1536,0,1
65,56566,1560,0,1
66,56566,1584,0,1
67,56566,1608,0,1
68,56566,1632,0,1
69,56566,1656,0,1
70,56566,1680,0,1
71,56566,1704,0,1
72,56566,1728,0,1
73,56566,1752,0,1
74,56566,1776,0,1
75,56566,1800,0,1
76,56566,1824,0,1
77,56566,1848,0,1
78,56566,1872,0,1
79,56566,1896,0,1
80,56566,1920,0,1
81,56566,1944,0,1
82,56566,1968,0,1
83,56566,1992,0,1
84,56566,2016,0,1
85,56566,2040,0,1
86,56566,2064,0,1
87,56566,2088,0,1
88,56566,2112,0,1
89,56566,2136,0,1
90,56566,2160,0,1
91,56566,2184,0,1
92,56566,2208,0,1
93,56566,2232,0,1
94,56566,2256,0,1
95,56566,2280,0,1
96,56566,2304,0,1
97,56566,2328,0,1
98,56566,2352,0,1
99,56566,2376,0,1
100,56566,2400,0,1
101,56566,2424,0,1
102,56566,2448,0,1
103,56566,2472,0,1
104,56566,2496,0,1
105,56566,2520,0,1
106,56566,2544,0,1
107,56566,2568,0,1
108,56566,2592,0,1
109,56566,2616,0,1
110,56566,2640,0,1
111,56566,2664,0,1
112,56566,2688,0,1
113,56566,2712,0,1
114,56566,2736,0,1
115,56566,2760,0,1
116,56566,2784,0,1
117,56566,2808,0,1
118,56566,2832,0,1
119,56566,2856,0,1
120,56566,2880,0,1
121,56566,2904,0,1
122,56566,2928,0,1
123,56566,2952,0,1
124,56566,2976,0,1
125,56566,3000,0,1
126,56566,3024,0,1
127,56566,3048,0,1
128,56566,3072,0,1
129,56566,3096,0,1
130,56566,3120,0,1
131,56566,3144,0,1
132,56566,3168,0,1
133,56566,3192,0,1
134,56566,3216,0,1
135,56566,3240,0,1
136,56566,3264,0,1
137,56566,3288,0,1
138,56566,3312,0,1
139,56566,3336,0,1
140,56566,3360,0,1
141,56566,3384,0,1
142,56566,3408,0,1
143,56566,3432,0,1
144,56566,3456,0,1
145,56566,3480,0,1
146,56566,3504,1,0
147,56566,3528,0,1
148,56566,3552,0,1
149,56566,3576,0,1
150,56566,3600,0,1
151,56566,3624,0,1
152,56566,3648,0,1
153,56566,3672,0,1
154,56566,3696,0,1
155,56566,3720,0,1
156,56566,3744,0,1
157,56566,3768,0,1
158,56566,3792,0,1
159,56566,3816,0,1
160,56566,3840,0,1
161,56566,3864,0,1
162,56566,3888,0,1
163,56566,3912,0,1
164,56566,3936,0,1
165,56566,3960,0,1
166,56566,3984,1,0
167,56566,4008,0,1
168,56566,4032,0,1
169,56566,4056,0,1
170,56566,4080,0,1
171,56566,4104,0,1
172,56566,4128,0,1
173,56566,4152,0,1
174,56566,4176,0,1
175,56566,4200,0,1
176,56566,4224,1,0
177,56566,4248,1,0
178,56566,4272,0,1
179,56566,4296,0,1
180,56566,4320,0,1
181,56566,4344,0,1
182,56566,4368,0,1
183,56566,4392,0,1
184,56566,4416,0,1
185,56566,4440,0,1
186,56566,4464,0,1
187,56566,4488,0,1
188,56566,4512,0,1
189,56566,4536,0,1
190,56566,4560,0,1
191,56566,4584,0,1
192,56566,4608,0,1
193,56566,4632,0,1
194,56566,4656,0,1
195,56566,4680,0,1
196,56566,4704,0,1
197,56566,4728,0,1
198,56566,4752,0,1
199,56566,4776,0,1
200,56566,4800,0,1
201,56566,4824,1,0
202,56566,4848,1,0
203,56566,4872,1,0
204,56566,4896,0,1
205,56566,4920,0,1
206,56566,4944,0,1
207,56566,4968,1,0
208,56566,4992,0,1
209,56566,5016,0,1
210,56566,5040,0,1
211,56566,5064,0,1
212,56566,5088,0,1
213,56566,5112,1,0
214,56566,5136,0,1
215,56566,5160,0,1
216,56566,5184,0,1
217,56566,5208,0,1
218,56566,5232,0,1
219,56566,5256,0,1
220,56566,5280,0,1
221,56566,5304,1,0
222,56566,5328,0,1
223,56566,5352,0,1
224,56566,5376,0,1
225,56566,5400,0,1
226,56566,5424,0,1
227,56566,5448,0,1
228,56566,5472,0,1
229,56566,5496,0,1
230,56566,5520,0,1
231,56566,5544,0,1
232,56566,5568,0,1
233,56566,5592,0,1
234,56566,5616,0,1
235,56566,5640,1,0
236,56566,5664,0,1
237,56566,5688,0,1
238,56566,5712,0,1
239,56566,5736,0,1
240,56566,5760,0,1
241,56566,5784,0,1
242,56566,5808,0,1
243,56566,5832,0,1
244,56566,5856,0,1
245,56566,5880,0,1
246,56566,5904,0,1
247,56566,5928,0,1
248,56566,5952,0,1
249,56566,5976,0,1
250,56566,6000,0,1
251,56566,6024,0,1
252,56566,6048,0,1
253,56566,6072,0,1
254,56566,6096,0,1
255,56566,6120,0,1
256,56566,6144,0,1
257,56566,6168,0,1
258,56566,6192,0,1
259,56566,6216,0,1
260,56566,6240,0,1
261,56566,6264,0,1
262,56566,6288,0,1
263,56566,6312,0,1
264,56566,6336,0,1
265,56566,6360,0,1
266,56566,6384,0,1
267,56566,6408,0,1
268,56566,6432,0,1
269,56566,6456,0,1
270,56566,6480,0,1
271,56566,6504,0,1
272,56566,6528,0,1
273,56566,6552,0,1
274,56566,6576,0,1
275,56566,6600,0,1
276,56566,6624,0,1
277,56566,6648,1,0
278,56566,6672,0,1
279,56566,6696,0,1
280,56566,6720,0,1
281,56566,6744,0,1
282,56566,6768,0,1
283,56566,6792,0,1
284,56566,6816,0,1
285,56566,6840,0,1
286,56566,6864,0,1
287,56566,6888,0,1
288,56566,6912,0,1
289,56566,6936,0,1
290,56566,6960,0,1
291,56566,6984,0,1
292,56566,7008,0,1
293,56566,7032,0,1
294,56566,7056,0,1
295,56566,7080,0,1
296,56566,7104,0,1
297,56566,7128,0,1
298,56566,7152,0,1
299,56566,7176,0,1
300,56566,7200,0,1
301,56566,7224,0,1
302,56566,7248,0,1
303,56566,7272,0,1
304,56566,7296,0,1
305,56566,7320,0,1
306,56566,7344,0,1
307,56566,7368,0,1
308,56566,7392,0,1
309,56566,7416,0,1
310,56566,7440,0,1
311,56566,7464,0,1
312,56566,7488,0,1
313,56566,7512,0,1
314,56566,7536,0,1
315,56566,7560,0,1
316,56566,7584,0,1
317,56566,7608,0,1
318,56566,7632,0,1
319,56566,7656,0,1
320,56566,7680,0,1
321,56566,7704,0,1
322,56566,7728,0,1
323,56566,7752,0,1
324,56566,7776,0,1
325,56566,7800,0,1
326,56566,7824,0,1
327,56566,7848,0,1
328,56566,7872,0,1
329,56566,7896,0,1
330,56566,7920,0,1
331,56566,7944,0,1
332,56566,7968,0,1
333,56566,7992,0,1
334,56566,8016,0,1
335,56566,8040,0,1
336,56566,8064,0,1
337,56566,8088,0,1
338,56566,8112,0,1
339,56566,8136,0,1
340,56566,8160,0,1
341,56566,8184,0,1
342,56566,8208,0,1
343,56566,8232,0,1
344,56566,8256,0,1
345,56566,8280,0,1
346,56566,8304,0,1
347,56566,8328,0,1
348,56566,8352,1,0
349,56566,8376,1,0
350,56566,8400,0,1
351,56566,8424,0,1
352,56566,8448,1,0
353,56566,8472,1,0
354,56566,8496,1,0
355,56566,8520,1,0
356,56566,8544,0,1
357,56566,8568,0,1
358,56566,8592,0,1
359,56566,8616,0,1
360,56566,8640,0,1
361,56566,8664,0,1
362,56566,8688,0,1
363,56566,8712,1,0
364,56566,8736,1,0
365,56566,8760,0,1
366,56566,8784,0,1
367,56566,8808,0,1
368,56566,8832,0,1
369,56566,8856,0,1
370,56566,8880,0,1
371,56566,8904,0,1
372,56566,8928,0,1
373,56566,8952,0,1
374,56566,8976,0,1
375,56566,9000,0,1
376,56566,9024,0,1
377,56566,9048,0,1
378,56566,9072,0,1
379,56566,9096,0,1
380,56566,9120,0,1
381,56566,9144,0,1
382,56566,9168,0,1
383,56566,9192,0,1
384,56566,9216,0,1
385,56566,9240,1,0
386,56566,9264,1,0
387,56566,9288,1,0
388,56566,9312,0,1
389,56566,9336,0,1
390,56566,9360,0,1
391,56566,9384,0,1
392,56566,9408,0,1
393,56566,9432,0,1
394,56566,9456,0,1
395,56566,9480,0,1
396,56566,9504,0,1
397,56566,9528,0,1
398,56566,9552,0,1
399,56566,9576,0,1
400,56566,9600,0,1
401,56566,9624,0,1
402,56566,9648,0,1
403,56566,9672,0,1
404,56566,9696,0,1
405,56566,9720,0,1
406,56566,9744,0,1
407,56566,9768,0,1
408,56566,9792,0,1
409,56566,9816,0,1
410,56566,9840,0,1
411,56566,9864,0,1
412,56566,9888,0,1
413,56566,9912,0,1
414,56566,9936,0,1
415,56566,9960,0,1
416,56566,9984,0,1
417,56566,10008,0,1
418,56566,10032,0,1
419,56566,10056,0,1
420,56566,10080,0,1
421,56566,10104,0,1
422,56566,10128,0,1
423,56566,10152,0,1
424,56566,10176,0,1
425,56566,10200,0,1
426,56566,10224,0,1
427,56566,10248,0,1
428,56566,10272,0,1
429,56566,10296,0,1
430,56566,10320,0,1
431,56566,10344,0,1
432,56566,10368,0,1
433,56566,10392,0,1
434,56566,10416,0,1
435,56566,10440,0,1
436,56566,10464,0,1
437,56566,10488,0,1
438,56566,10512,0,1
439,56566,10536,0,1
440,56566,10560,0,1
441,56566,10584,0,1
442,56566,10608,0,1
443,56566,10632,0,1
444,56566,10656,0,1
445,56566,10680,0,1
446,56566,10704,0,1
447,56566,10728,0,1
448,56566,10752,0,1
449,56566,10776,0,1
450,56566,10800,0,1
451,56566,10824,0,1
452,56566,10848,0,1
453,56566,10872,0,1
454,56566,10896,0,1
455,56566,10920,0,1
456,56566,10944,0,1
457,56566,10968,0,1
458,56566,10992,0,1
459,56566,11016,0,1
460,56566,11040,0,1
461,56566,11064,0,1
462,56566,11088,0,1
463,56566,11112,0,1
464,56566,11136,0,1
465,56566,11160,0,1
466,56566,11184,0,1
467,56566,11208,0,1
468,56566,11232,0,1
469,56566,11256,0,1
470,56566,11280,0,1
471,56566,11304,0,1
472,56566,11328,0,1
473,56566,11352,0,1
474,56566,11376,0,1
475,56566,11400,0,1
476,56566,11424,0,1
477,56566,11448,0,1
478,56566,11472,0,1
479,56566,11496,0,1
480,56566,11520,0,1
481,56566,11544,0,1
482,56566,11568,0,1
483,56566,11592,0,1
484,56566,11616,0,1
485,56566,11640,0,1
486,56566,11664,0,1
487,56566,11688,0,1
488,56566,11712,0,1
489,56566,11736,0,1
490,56566,11760,0,1
491,56566,11784,0,1
492,56566,11808,0,1
493,56566,11832,0,1
494,56566,11856,0,1
495,56566,11880,0,1
496,56566,11904,0,1
497,56566,11928,0,1
498,56566,11952,0,1
499,56566,11976,0,1
500,56566,12000,0,1
501,56566,12024,0,1
502,56566,12048,0,1
503,56566,12072,0,1
504,56566,12096,0,1
505,56566,12120,0,1
506,56566,12144,0,1
507,56566,12168,0,1
508,56566,12192,0,1
509,56566,12216,0,1
510,56566,12240,0,1
511,56566,12264,0,1
512,56566,12288,0,1
513,56566,12312,0,1
514,56566,12336,0,1
515,56566,12360,0,1
516,56566,12384,0,1
517,56566,12408,0,1
518,56566,12432,0,1
519,56566,12456,0,1
520,56566,12480,0,1
521,56566,12504,0,1
522,56566,12528,0,1
523,56566,12552,0,1
524,56566,12576,0,1
525,56566,12600,0,1
526,56566,12624,0,1
527,56566,12648,0,1
528,56566,12672,0,1
529,56566,12696,1,0
530,56566,12720,1,0
531,56566,12744,1,0
532,56566,12768,1,0
533,56566,12792,1,0
534,56566,12816,1,0
535,56566,12840,0,1
536,56566,12864,0,1
537,56566,12888,0,1
538,56566,12912,0,1
539,56566,12936,0,1
540,56566,12960,0,1
541,56566,12984,0,1
542,56566,13008,0,1
543,56566,13032,0,1
544,56566,13056,0,1
545,56566,13080,0,1
546,56566,13104,0,1
547,56566,13128,0,1
548,56566,13152,0,1
549,56566,13176,0,1
550,56566,13200,0,1
551,56566,13224,0,1
552,56566,13248,0,1
553,56566,13272,0,1
554,56566,13296,0,1
555,56566,13320,0,1
556,56566,13344,0,1
557,56566,13368,0,1
558,56566,13392,0,1
559,56566,13416,0,1
560,56566,13440,0,1
561,56566,13464,0,1
562,56566,13488,0,1
563,56566,13512,0,1
564,56566,13536,0,1
565,56566,13560,0,1
566,56566,13584,0,1
567,56566,13608,0,1
568,56566,13632,0,1
569,56566,13656,0,1
570,56566,13680,0,1
571,56566,13704,0,1
572,56566,13728,0,1
573,56566,13752,0,1
574,56566,13776,0,1
575,56566,13800,0,1
576,56566,13824,0,1
577,56566,13848,0,1
578,56566,13872,0,1
579,56566,13896,0,1
580,56566,13920,0,1
581,56566,13944,0,1
582,56566,13968,0,1
583,56566,13992,0,1
584,56566,14016,0,1
585,56566,14040,0,1
586,56566,14064,0,1
587,56566,14088,0,1
588,56566,14112,0,1
589,56566,14136,0,1
590,56566,14160,0,1
591,56566,14184,0,1
592,56566,14208,0,1
593,56566,14232,0,1
594,56566,14256,0,1
595,56566,14280,0,1
596,56566,14304,0,1
597,56566,14328,0,1
598,56566,14352,0,1
599,56566,14376,0,1
600,56566,14400,0,1
601,56566,14424,0,1
602,56566,14448,0,1
603,56566,14472,1,0
604,56566,14496,0,1
605,56566,14520,0,1
606,56566,14544,0,1
607,56566,14568,0,1
608,56566,14592,0,1
609,56566,14616,0,1
610,56566,14640,0,1
611,56566,14664,0,1
612,56566,14688,0,1
613,56566,14712,0,1
614,56566,14736,0,1
615,56566,14760,0,1
616,56566,14784,0,1
617,56566,14808,1,0
618,56566,14832,0,1
619,56566,14856,0,1
620,56566,14880,0,1
621,56566,14904,0,1
622,56566,14928,0,1
623,56566,14952,0,1
624,56566,14976,0,1
625,56566,15000,0,1
626,56566,15024,0,1
627,56566,15048,0,1
628,56566,15072,0,1
629,56566,15096,0,1
630,56566,15120,0,1
631,56566,15144,0,1
632,56566,15168,0,1
633,56566,15192,0,1
634,56566,15216,0,1
635,56566,15240,0,1
636,56566,15264,0,1
637,56566,15288,0,1
638,56566,15312,0,1
639,56566,15336,0,1
640,56566,15360,0,1
641,56566,15384,0,1
642,56566,15408,0,1
643,56566,15432,0,1
644,56566,15456,0,1
645,56566,15480,0,1
646,56566,15504,0,1
647,56566,15528,0,1
648,56566,15552,1,0
649,56566,15576,0,1
650,56566,15600,0,1
651,56566,15624,0,1
652,56566,15648,0,1
653,56566,15672,0,1
654,56566,15696,0,1
655,56566,15720,0,1
656,56566,15744,0,1
657,56566,15768,0,1
658,56566,15792,0,1
659,56566,15816,0,1
660,56566,15840,0,1
661,56566,15864,0,1
662,56566,15888,0,1
663,56566,15912,0,1
664,56566,15936,0,1
665,56566,15960,0,1
666,56566,15984,0,1
667,56566,16008,0,1
668,56566,16032,0,1
669,56566,16056,0,1
670,56566,16080,0,1
671,56566,16104,0,1
672,56566,16128,0,1
673,56566,16152,0,1
674,56566,16176,0,1
675,56566,16200,0,1
676,56566,16224,0,1
677,56566,16248,0,1
678,56566,16272,0,1
679,56566,16296,0,1
680,56566,16320,0,1
681,56566,16344,1,0
682,56566,16368,0,1
683,56566,16392,0,1
684,56566,16416,0,1
685,56566,16440,0,1
686,56566,16464,0,1
687,56566,16488,0,1
688,56566,16512,0,1
689,56566,16536,0,1
690,56566,16560,0,1
691,56566,16584,0,1
692,56566,16608,1,0
693,56566,16632,1,0
694,56566,16656,0,1
695,56566,16680,0,1
696,56566,16704,0,1
697,56566,16728,0,1
698,56566,16752,0,1
699,56566,16776,0,1
700,56566,16800,0,1
701,56566,16824,0,1
702,56566,16848,0,1
703,56566,16872,0,1
704,56566,16896,0,1
705,56566,16920,1,0
706,56566,16944,0,1
707,56566,16968,0,1
708,56566,16992,1,0
709,56566,17016,0,1
710,56566,17040,0,1
711,56566,17064,0,1
712,56566,17088,0,1
713,56566,17112,0,1
714,56566,17136,1,0
715,56566,17160,1,0
716,56566,17184,1,0
717,56566,17208,1,0
718,56566,17232,0,1
719,56566,17256,0,1
720,56566,17280,0,1
721,56566,17304,0,1
722,56566,17328,0,1
723,56566,17352,0,1
724,56566,17376,0,1
725,56566,17400,0,1
726,56566,17424,0,1
727,56566,17448,0,1
728,56566,17472,0,1
729,56566,17496,0,1
730,56566,17520,0,1
731,56566,17544,0,1
732,56566,17568,0,1
733,56566,17592,0,1
734,56566,17616,0,1
735,56566,17640,0,1
736,56566,17664,0,1
737,56566,17688,0,1
738,56566,17712,0,1
739,56566,17736,0,1
740,56566,17760,0,1
741,56566,17784,0,1
742,56566,17808,0,1
743,56566,17832,0,1
744,56566,17856,0,1
745,56566,17880,0,1
746,56566,17904,0,1
747,56566,17928,0,1
748,56566,17952,0,1
749,56566,17976,0,1
750,56566,18000,0,1
751,56566,18024,0,1
752,56566,18048,0,1
753,56566,18072,0,1
754,56566,18096,0,1
755,56566,18120,0,1
756,56566,18144,0,1
757,56566,18168,0,1
758,56566,18192,0,1
759,56566,18216,0,1
760,56566,18240,0,1
761,56566,18264,0,1
762,56566,18288,0,1
763,56566,18312,0,1
764,56566,18336,0,1
765,56566,18360,0,1
766,56566,18384,0,1
767,56566,18408,0,1
768,56566,18432,0,1
769,56566,18456,0,1
770,56566,18480,0,1
771,56566,18504,0,1
772,56566,18528,0,1
773,56566,18552,0,1
774,56566,18576,0,1
775,56566,18600,0,1
776,56566,18624,0,1
777,56566,18648,0,1
778,56566,18672,0,1
779,56566,18696,0,1
780,56566,18720,0,1
781,56566,18744,0,1
782,56566,18768,0,1
783,56566,18792,0,1
784,56566,18816,0,1
785,56566,18840,0,1
786,56566,18864,0,1
787,56566,18888,0,1
788,56566,18912,1,0
789,56566,18936,1,0
790,56566,18960,1,0
791,56566,18984,0,1
792,56566,19008,1,0
793,56566,19032,0,1
794,56566,19056,0,1
795,56566,19080,0,1
796,56566,19104,1,0
797,56566,19128,1,0
798,56566,19152,1,0
799,56566,19176,1,0
800,56566,19200,1,0
801,56566,19224,1,0
802,56566,19248,1,0
803,56566,19272,1,0
804,56566,19296,1,0
805,56566,19320,0,1
806,56566,19344,0,1
807,56566,19368,0,1
808,56566,19392,0,1
809,56566,19416,0,1
810,56566,19440,0,1
811,56566,19464,0,1
812,56566,19488,0,1
813,56566,19512,0,1
814,56566,19536,0,1
815,56566,19560,0,1
816,56566,19584,0,1
817,56566,19608,0,1
818,56566,19632,0,1
819,56566,19656,0,1
820,56566,19680,0,1
821,56566,19704,0,1
822,56566,19728,0,1
823,56566,19752,0,1
824,56566,19776,0,1
825,56566,19800,0,1
826,56566,19824,0,1
827,56566,19848,0,1
828,56566,19872,0,1
829,56566,19896,1,0
830,56566,19920,1,0
831,56566,19944,1,0
832,56566,19968,1,0
833,56566,19992,1,0
834,56566,20016,1,0
835,56566,20040,1,0
836,56566,20064,1,0
837,56566,20088,1,0
838,56566,20112,1,0
839,56566,20136,1,0
840,56566,20160,1,0
841,56566,20184,1,0
842,56566,20208,1,0
843,56566,20232,1,0
844,56566,20256,1,0
845,56566,20280,1,0
846,56566,20304,1,0
847,56566,20328,1,0
848,56566,20352,0,1
849,56566,20376,0,1
850,56566,20400,1,0
851,56566,20424,1,0
852,56566,20448,1,0
853,56566,20472,0,1
854,56566,20496,0,1
855,56566,20520,0,1
856,56566,20544,0,1
857,56566,20568,0,1
858,56566,20592,0,1
859,56566,20616,0,1
860,56566,20640,0,1
861,56566,20664,0,1
862,56566,20688,0,1
863,56566,20712,0,1
864,56566,20736,0,1
865,56566,20760,0,1
866,56566,20784,0,1
867,56566,20808,0,1
868,56566,20832,0,1
869,56566,20856,0,1
870,56566,20880,0,1
871,56566,20904,0,1
872,56566,20928,0,1
873,56566,20952,0,1
874,56566,20976,0,1
875,56566,21000,0,1
876,56566,21024,0,1
877,56566,21048,0,1
878,56566,21072,0,1
879,56566,21096,0,1
880,56566,21120,0,1
881,56566,21144,0,1
882,56566,21168,0,1
883,56566,21192,0,1
884,56566,21216,0,1
885,56566,21240,1,0
886,56566,21264,0,1
887,56566,21288,0,1
888,56566,21312,0,1
889,56566,21336,0,1
890,56566,21360,0,1
891,56566,21384,0,1
892,56566,21408,0,1
893,56566,21432,0,1
894,56566,21456,0,1
895,56566,21480,0,1
896,56566,21504,0,1
897,56566,21528,0,1
898,56566,21552,0,1
899,56566,21576,0,1
900,56566,21600,0,1
901,56566,21624,0,1
902,56566,21648,0,1
903,56566,21672,0,1
904,56566,21696,0,1
905,56566,21720,1,0
906,56566,21744,0,1
907,56566,21768,0,1
908,56566,21792,0,1
909,56566,21816,0,1
910,56566,21840,0,1
911,56566,21864,0,1
912,56566,21888,0,1
913,56566,21912,0,1
914,56566,21936,0,1
915,56566,21960,0,1
916,56566,21984,0,1
917,56566,22008,0,1
918,56566,22032,0,1
919,56566,22056,0,1
920,56566,22080,0,1
921,56566,22104,0,1
922,56566,22128,0,1
923,56566,22152,0,1
924,56566,22176,0,1
925,56566,22200,0,1
926,56566,22224,0,1
927,56566,22248,0,1
928,56566,22272,0,1
929,56566,22296,0,1
930,56566,22320,0,1
931,56566,22344,0,1
932,56566,22368,0,1
933,56566,22392,0,1
934,56566,22416,0,1
935,56566,22440,0,1
936,56566,22464,0,1
937,56566,22488,0,1
938,56566,22512,0,1
939,56566,22536,0,1
940,56566,22560,0,1
941,56566,22584,0,1
942,56566,22608,0,1
943,56566,22632,0,1
944,56566,22656,0,1
945,56566,22680,0,1
946,56566,22704,0,1
947,56566,22728,0,1
948,56566,22752,0,1
949,56566,22776,0,1
950,56566,22800,0,1
951,56566,22824,0,1
952,56566,22848,0,1
953,56566,22872,0,1
954,56566,22896,0,1
955,56566,22920,0,1
956,56566,22944,0,1
957,56566,22968,0,1
958,56566,22992,0,1
959,56566,23016,0,1
960,56566,23040,0,1
961,56566,23064,0,1
962,56566,23088,0,1
963,56566,23112,0,1
964,56566,23136,0,1
965,56566,23160,0,1
966,56566,23184,0,1
967,56566,23208,0,1
968,56566,23232,0,1
969,56566,23256,0,1
970,56566,23280,0,1
971,56566,23304,0,1
972,56566,23328,0,1
973,56566,23352,0,1
974,56566,23376,0,1
975,56566,23400,0,1
976,56566,23424,0,1
977,56566,23448,0,1
978,56566,23472,0,1
979,56566,23496,0,1
980,56566,23520,0,1
981,56566,23544,0,1
982,56566,23568,0,1
983,56566,23592,0,1
984,56566,23616,0,1
985,56566,23640,0,1
986,56566,23664,0,1
987,56566,23688,0,1
988,56566,23712,0,1
989,56566,23736,0,1
990,56566,23760,0,1
991,56566,23784,0,1
992,56566,23808,0,1
993,56566,23832,0,1
994,56566,23856,0,1
995,56566,23880,0,1
996,56566,23904,0,1
997,56566,23928,0,1
998,56566,23952,0,1
999,56566,23976,0,1
1000,56566,24000,0,1
1001,56566,24024,0,1
1002,56566,24048,0,1
1003,56566,24072,0,1
1004,56566,24096,0,1
1005,56566,24120,0,1
1006,56566,24144,0,1
1007,56566,24168,0,1
1008,56566,24192,0,1
1009,56566,24216,0,1
1010,56566,24240,0,1
1011,56566,24264,0,1
1012,56566,24288,0,1
1013,56566,24312,0,1
1014,56566,24336,0,1
1015,56566,24360,0,1
1016,56566,24384,0,1
1017,56566,24408,0,1
1018,56566,24432,0,1
1019,56566,24456,0,1
1020,56566,24480,0,1
1021,56566,24504,0,1
1022,56566,24528,0,1
1023,56566,24552,0,1
1024,56566,24576,0,1
1025,56566,24600,0,1
1026,56566,24624,0,1
1027,56566,24648,0,1
1028,56566,24672,0,1
1029,56566,24696,0,1
1030,56566,24720,0,1
1031,56566,24744,0,1
1032,56566,24768,0,1
1033,56566,24792,0,1
1034,56566,24816,0,1
1035,56566,24840,0,1
1036,56566,24864,0,1
1037,56566,24888,0,1
1038,56566,24912,0,1
1039,56566,24936,0,1
1040,56566,24960,0,1
1041,56566,24984,0,1
1042,56566,25008,0,1
1043,56566,25032,0,1
1044,56566,25056,0,1
1045,56566,25080,0,1
1046,56566,25104,0,1
1047,56566,25128,0,1
1048,56566,25152,0,1
1049,56566,25176,0,1
1050,56566,25200,0,1
1051,56566,25224,0,1
1052,56566,25248,0,1
1053,56566,25272,0,1
1054,56566,25296,0,1
1055,56566,25320,0,1
1056,56566,25344,0,1
1057,56566,25368,0,1
1058,56566,25392,0,1
1059,56566,25416,0,1
1060,56566,25440,0,1
1061,56566,25464,0,1
1062,56566,25488,0,1
1063,56566,25512,0,1
1064,56566,25536,0,1
1065,56566,25560,0,1
1066,56566,25584,0,1
1067,56566,25608,0,1
1068,56566,25632,0,1
1069,56566,25656,0,1
1070,56566,25680,0,1
1071,56566,25704,0,1
1072,56566,25728,0,1
1073,56566,25752,0,1
1074,56566,25776,0,1
1075,56566,25800,0,1
1076,56566,25824,0,1
1077,56566,25848,0,1
1078,56566,25872,0,1
1079,56566,25896,0,1
1080,56566,25920,0,1
1081,56566,25944,0,1
1082,56566,25968,0,1
1083,56566,25992,0,1
1084,56566,26016,0,1
1085,56566,26040,0,1
1086,56566,26064,0,1
1087,56566,26088,0,1
1088,56566,26112,0,1
1089,56566,26136,0,1
1090,56566,26160,0,1
1091,56566,26184,0,1
1092,56566,26208,0,1
1093,56566,26232,0,1
1094,56566,26256,0,1
1095,56566,26280,0,1
1096,56566,26304,0,1
1097,56566,26328,0,1
1098,56566,26352,0,1
1099,56566,26376,0,1
1100,56566,26400,0,1
1101,56566,26424,0,1
1102,56566,26448,0,1
1103,56566,26472,0,1
1104,56566,26496,0,1
1105,56566,26520,0,1
1106,56566,26544,0,1
1107,56566,26568,0,1
1108,56566,26592,0,1
1109,56566,26616,0,1
1110,56566,26640,0,1
1111,56566,26664,0,1
1112,56566,26688,0,1
1113,56566,26712,0,1
1114,56566,26736,0,1
1115,56566,26760,0,1
1116,56566,26784,0,1
1117,56566,26808,0,1
1118,56566,26832,0,1
1119,56566,26856,0,1
1120,56566,26880,0,1
1121,56566,26904,0,1
1122,56566,26928,0,1
1123,56566,26952,0,1
1124,56566,26976,0,1
1125,56566,27000,0,1
1126,56566,27024,0,1
1127,56566,27048,0,1
1128,56566,27072,0,1
1129,56566,27096,0,1
1130,56566,27120,0,1
1131,56566,27144,0,1
1132,56566,27168,0,1
1133,56566,27192,0,1
1134,56566,27216,0,1
1135,56566,27240,0,1
1136,56566,27264,0,1
1137,56566,27288,0,1
1138,56566,27312,0,1
1139,56566,27336,0,1
1140,56566,27360,0,1
1141,56566,27384,0,1
1142,56566,27408,0,1
1143,56566,27432,0,1
1144,56566,27456,0,1
1145,56566,27480,0,1
1146,56566,27504,0,1
1147,56566,27528,0,1
1148,56566,27552,0,1
1149,56566,27576,0,1
1150,56566,27600,0,1
1151,56566,27624,0,1
1152,56566,27648,0,1
1153,56566,27672,0,1
1154,56566,27696,0,1
1155,56566,27720,0,1
1156,56566,27744,0,1
1157,56566,27768,0,1
1158,56566,27792,0,1
1159,56566,27816,0,1
1160,56566,27840,0,1
1161,56566,27864,0,1
1162,56566,27888,0,1
1163,56566,27912,0,1
1164,56566,27936,0,1
1165,56566,27960,0,1
1166,56566,27984,0,1
1167,56566,28008,0,1
1168,56566,28032,0,1
1169,56566,28056,0,1
1170,56566,28080,0,1
1171,56566,28104,0,1
1172,56566,28128,0,1
1173,56566,28152,0,1
1174,56566,28176,0,1
1175,56566,28200,0,1
1176,56566,28224,0,1
1177,56566,28248,0,1
1178,56566,28272,0,1
1179,56566,28296,0,1
1180,56566,28320,0,1
1181,56566,28344,0,1
1182,56566,28368,0,1
1183,56566,28392,0,1
1184,56566,28416,0,1
1185,56566,28440,0,1
1186,56566,28464,0,1
1187,56566,28488,0,1
1188,56566,28512,0,1
1189,56566,28536,0,1
1190,56566,28560,0,1
1191,56566,28584,0,1
1192,56566,28608,0,1
1193,56566,28632,0,1
1194,56566,28656,0,1
1195,56566,28680,0,1
1196,56566,28704,0,1
1197,56566,28728,0,1
1198,56566,28752,0,1
1199,56566,28776,0,1
1200,56566,28800,0,1
1201,56566,28824,0,1
1202,56566,28848,0,1
1203,56566,28872,0,1
1204,56566,28896,0,1
1205,56566,28920,0,1
1206,56566,28944,0,1
1207,56566,28968,0,1
1208,56566,28992,0,1
1209,56566,29016,0,1
1210,56566,29040,0,1
1211,56566,29064,0,1
1212,56566,29088,0,1
1213,56566,29112,0,1
1214,56566,29136,0,1
1215,56566,29160,0,1
1216,56566,29184,0,1
1217,56566,29208,0,1
1218,56566,29232,0,1
1219,56566,29256,0,1
1220,56566,29280,0,1
1221,56566,29304,0,1
1222,56566,29328,0,1
1223,56566,29352,0,1
1224,56566,29376,0,1
1225,56566,29400,0,1
1226,56566,29424,0,1
1227,56566,29448,0,1
1228,56566,29472,0,1
1229,56566,29496,0,1
1230,56566,29520,0,1
1231,56566,29544,0,1
1232,56566,29568,0,1
1233,56566,29592,0,1
1234,56566,29616,0,1
1235,56566,29640,0,1
1236,56566,29664,0,1
1237,56566,29688,0,1
1238,56566,29712,0,1
1239,56566,29736,0,1
1240,56566,29760,0,1
1241,56566,29784,0,1
1242,56566,29808,0,1
1243,56566,29832,0,1
1244,56566,29856,0,1
1245,56566,29880,0,1
1246,56566,29904,0,1
1247,56566,29928,0,1
1248,56566,29952,0,1
1249,56566,29976,0,1
1250,56566,30000,0,1
1251,56566,30024,0,1
1252,56566,30048,0,1
1253,56566,30072,0,1
1254,56566,30096,0,1
1255,56566,30120,0,1
1256,56566,30144,0,1
1257,56566,30168,0,1
1258,56566,30192,0,1
1259,56566,30216,0,1
1260,56566,30240,0,1
1261,56566,30264,0,1
1262,56566,30288,0,1
1263,56566,30312,0,1
1264,56566,30336,0,1
1265,56566,30360,0,1
1266,56566,30384,0,1
1267,56566,30408,0,1
1268,56566,30432,0,1
1269,56566,30456,0,1
1270,56566,30480,0,1
1271,56566,30504,0,1
1272,56566,30528,1,0
1273,56566,30552,0,1
1274,56566,30576,0,1
1275,56566,30600,0,1
1276,56566,30624,0,1
1277,56566,30648,0,1
1278,56566,30672,0,1
1279,56566,30696,0,1
1280,56566,30720,0,1
1281,56566,30744,0,1
1282,56566,30768,0,1
1283,56566,30792,0,1
1284,56566,30816,0,1
1285,56566,30840,0,1
1286,56566,30864,0,1
1287,56566,30888,0,1
1288,56566,30912,0,1
1289,56566,30936,0,1
1290,56566,30960,0,1
1291,56566,30984,0,1
1292,56566,31008,0,1
1293,56566,31032,0,1
1294,56566,31056,0,1
1295,56566,31080,0,1
1296,56566,31104,0,1
1297,56566,31128,0,1
1298,56566,31152,0,1
1299,56566,31176,0,1
1300,56566,31200,0,1
1301,56566,31224,0,1
1302,56566,31248,0,1
1303,56566,31272,0,1
1304,56566,31296,0,1
1305,56566,31320,0,1
1306,56566,31344,0,1
1307,56566,31368,0,1
1308,56566,31392,0,1
1309,56566,31416,0,1
1310,56566,31440,0,1
1311,56566,31464,0,1
1312,56566,31488,0,1
1313,56566,31512,0,1
1314,56566,31536,0,1
1315,56566,31560,0,1
1316,56566,31584,0,1
1317,56566,31608,0,1
1318,56566,31632,0,1
1319,56566,31656,0,1
1320,56566,31680,0,1
1321,56566,31704,0,1
1322,56566,31728,0,1
1323,56566,31752,0,1
1324,56566,31776,0,1
1325,56566,31800,0,1
1326,56566,31824,0,1
1327,56566,31848,0,1
1328,56566,31872,0,1
1329,56566,31896,0,1
1330,56566,31920,0,1
1331,56566,31944,0,1
1332,56566,31968,0,1
1333,56566,31992,0,1
1334,56566,32016,0,1
1335,56566,32040,0,1
1336,56566,32064,0,1
1337,56566,32088,0,1
1338,56566,32112,0,1
1339,56566,32136,0,1
1340,56566,32160,0,1
1341,56566,32184,0,1
1342,56566,32208,0,1
1343,56566,32232,0,1
1344,56566,32256,0,1
1345,56566,32280,0,1
1346,56566,32304,0,1
1347,56566,32328,0,1
1348,56566,32352,0,1
1349,56566,32376,0,1
1350,56566,32400,0,1
1351,56566,32424,0,1
1352,56566,32448,0,1
1353,56566,32472,0,1
1354,56566,32496,0,1
1355,56566,32520,0,1
1356,56566,32544,0,1
1357,56566,32568,0,1
1358,56566,32592,0,1
1359,56566,32616,0,1
1360,56566,32640,0,1
1361,56566,32664,0,1
1362,56566,32688,0,1
1363,56566,32712,0,1
1364,56566,32736,0,1
1365,56566,32760,0,1
1366,56566,32784,0,1
1367,56566,32808,0,1
1368,56566,32832,0,1
1369,56566,32856,0,1
1370,56566,32880,0,1
1371,56566,32904,0,1
1372,56566,32928,0,1
1373,56566,32952,0,1
1374,56566,32976,0,1
1375,56566,33000,0,1
1376,56566,33024,0,1
1377,56566,33048,0,1
1378,56566,33072,0,1
1379,56566,33096,0,1
1380,56566,33120,0,1
1381,56566,33144,0,1
1382,56566,33168,0,1
1383,56566,33192,0,1
1384,56566,33216,0,1
1385,56566,33240,0,1
1386,56566,33264,0,1
1387,56566,33288,0,1
1388,56566,33312,0,1
1389,56566,33336,0,1
1390,56566,33360,0,1
1391,56566,33384,0,1
1392,56566,33408,0,1
1393,56566,33432,0,1
1394,56566,33456,0,1
1395,56566,33480,0,1
1396,56566,33504,0,1
1397,56566,33528,0,1
1398,56566,33552,0,1
1399,56566,33576,0,1
1400,56566,33600,0,1
1401,56566,33624,0,1
1402,56566,33648,0,1
1403,56566,33672,0,1
1404,56566,33696,0,1
1405,56566,33720,0,1
1406,56566,33744,0,1
1407,56566,33768,0,1
1408,56566,33792,0,1
1409,56566,33816,0,1
1410,56566,33840,0,1
1411,56566,33864,0,1
1412,56566,33888,0,1
1413,56566,33912,0,1
1414,56566,33936,0,1
1415,56566,33960,0,1
1416,56566,33984,0,1
1417,56566,34008,0,1
1418,56566,34032,0,1
1419,56566,34056,0,1
1420,56566,34080,0,1
1421,56566,34104,0,1
1422,56566,34128,0,1
1423,56566,34152,0,1
1424,56566,34176,0,1
1425,56566,34200,0,1
1426,56566,34224,0,1
1427,56566,34248,0,1
1428,56566,34272,0,1
1429,56566,34296,0,1
1430,56566,34320,0,1
1431,56566,34344,0,1
1432,56566,34368,0,1
1433,56566,34392,0,1
1434,56566,34416,0,1
1435,56566,34440,0,1
1436,56566,34464,0,1
1437,56566,34488,0,1
1438,56566,34512,0,1
1439,56566,34536,0,1
1440,56566,34560,0,1
1441,56566,34584,0,1
1442,56566,34608,0,1
1443,56566,34632,0,1
1444,56566,34656,0,1
1445,56566,34680,0,1
1446,56566,34704,0,1
1447,56566,34728,0,1
1448,56566,34752,0,1
1449,56566,34776,0,1
1450,56566,34800,0,1
1451,56566,34824,0,1
1452,56566,34848,0,1
1453,56566,34872,0,1
1454,56566,34896,0,1
1455,56566,34920,0,1
1456,56566,34944,0,1
1457,56566,34968,0,1
1458,56566,34992,0,1
1459,56566,35016,0,1
1460,56566,35040,0,1
1461,56566,35064,0,1
1462,56566,35088,0,1
1463,56566,35112,0,1
1464,56566,35136,0,1
1465,56566,35160,0,1
1466,56566,35184,0,1
1467,56566,35208,0,1
1468,56566,35232,0,1
1469,56566,35256,0,1
1470,56566,35280,0,1
1471,56566,35304,0,1
1472,56566,35328,0,1
1473,56566,35352,0,1
1474,56566,35376,0,1
1475,56566,35400,0,1
1476,56566,35424,0,1
1477,56566,35448,0,1
1478,56566,35472,0,1
1479,56566,35496,0,1
1480,56566,35520,0,1
1481,56566,35544,0,1
1482,56566,35568,0,1
1483,56566,35592,0,1
1484,56566,35616,0,1
1485,56566,35640,0,1
1486,56566,35664,0,1
1487,56566,35688,0,1
1488,56566,35712,0,1
1489,56566,35736,0,1
1490,56566,35760,0,1
1491,56566,35784,0,1
1492,56566,35808,0,1
1493,56566,35832,0,1
1494,56566,35856,0,1
1495,56566,35880,0,1
1496,56566,35904,1,0
1497,56566,35928,0,1
1498,56566,35952,0,1
1499,56566,35976,1,0
1500,56566,36000,1,0
1501,56566,36024,1,0
1502,56566,36048,0,1
1503,56566,36072,0,1
1504,56566,36096,0,1
1505,56566,36120,0,1
1506,56566,36144,1,0
1507,56566,36168,0,1
1508,56566,36192,0,1
1509,56566,36216,0,1
1510,56566,36240,0,1
1511,56566,36264,1,0
1512,56566,36288,1,0
1513,56566,36312,1,0
1514,56566,36336,1,0
1515,56566,36360,1,0
1516,56566,36384,1,0
1517,56566,36408,1,0
1518,56566,36432,1,0
1519,56566,36456,1,0
1520,56566,36480,1,0
1521,56566,36504,1,0
1522,56566,36528,1,0
1523,56566,36552,0,1
1524,56566,36576,0,1
1525,56566,36600,0,1
1526,56566,36624,0,1
1527,56566,36648,0,1
1528,56566,36672,0,1
1529,56566,36696,0,1
1530,56566,36720,0,1
1531,56566,36744,0,1
1532,56566,36768,0,1
1533,56566,36792,0,1
1534,56566,36816,0,1
1535,56566,36840,0,1
1536,56566,36864,0,1
1537,56566,36888,0,1
1538,56566,36912,0,1
1539,56566,36936,0,1
1540,56566,36960,0,1
1541,56566,36984,0,1
1542,56566,37008,0,1
1543,56566,37032,0,1
1544,56566,37056,0,1
1545,56566,37080,0,1
1546,56566,37104,0,1
1547,56566,37128,0,1
1548,56566,37152,0,1
1549,56566,37176,0,1
1550,56566,37200,0,1
1551,56566,37224,0,1
1552,56566,37248,0,1
1553,56566,37272,0,1
1554,56566,37296,0,1
1555,56566,37320,0,1
1556,56566,37344,0,1
1557,56566,37368,0,1
1558,56566,37392,0,1
1559,56566,37416,0,1
1560,56566,37440,0,1
1561,56566,37464,0,1
1562,56566,37488,0,1
1563,56566,37512,0,1
1564,56566,37536,0,1
1565,56566,37560,0,1
1566,56566,37584,0,1
1567,56566,37608,0,1
1568,56566,37632,0,1
1569,56566,37656,0,1
1570,56566,37680,0,1
1571,56566,37704,0,1
1572,56566,37728,0,1
1573,56566,37752,0,1
1574,56566,37776,0,1
1575,56566,37800,0,1
1576,56566,37824,0,1
1577,56566,37848,0,1
1578,56566,37872,0,1
1579,56566,37896,0,1
1580,56566,37920,0,1
1581,56566,37944,0,1
1582,56566,37968,0,1
1583,56566,37992,0,1
1584,56566,38016,0,1
1585,56566,38040,0,1
1586,56566,38064,0,1
1587,56566,38088,0,1
1588,56566,38112,0,1
1589,56566,38136,0,1
1590,56566,38160,0,1
1591,56566,38184,0,1
1592,56566,38208,0,1
1593,56566,38232,0,1
1594,56566,38256,0,1
1595,56566,38280,0,1
1596,56566,38304,0,1
1597,56566,38328,0,1
1598,56566,38352,0,1
1599,56566,38376,0,1
1600,56566,38400,0,1
1601,56566,38424,0,1
1602,56566,38448,0,1
1603,56566,38472,0,1
1604,56566,38496,0,1
1605,56566,38520,0,1
1606,56566,38544,0,1
1607,56566,38568,0,1
1608,56566,38592,0,1
1609,56566,38616,0,1
1610,56566,38640,0,1
1611,56566,38664,0,1
1612,56566,38688,0,1
1613,56566,38712,0,1
1614,56566,38736,0,1
1615,56566,38760,0,1
1616,56566,38784,0,1
1617,56566,38808,0,1
1618,56566,38832,0,1
1619,56566,38856,0,1
1620,56566,38880,0,1
1621,56566,38904,0,1
1622,56566,38928,0,1
1623,56566,38952,0,1
1624,56566,38976,0,1
1625,56566,39000,0,1
1626,56566,39024,0,1
1627,56566,39048,0,1
1628,56566,39072,0,1
1629,56566,39096,0,1
1630,56566,39120,0,1
1631,56566,39144,0,1
1632,56566,39168,0,1
1633,56566,39192,0,1
1634,56566,39216,0,1
1635,56566,39240,0,1
1636,56566,39264,1,0
1637,56566,39288,0,1
1638,56566,39312,0,1
1639,56566,39336,0,1
1640,56566,39360,0,1
1641,56566,39384,0,1
1642,56566,39408,0,1
1643,56566,39432,0,1
1644,56566,39456,0,1
1645,56566,39480,0,1
1646,56566,39504,0,1
1647,56566,39528,0,1
1648,56566,39552,0,1
1649,56566,39576,0,1
1650,56566,39600,0,1
1651,56566,39624,0,1
1652,56566,39648,0,1
1653,56566,39672,1,0
1654,56566,39696,1,0
1655,56566,39720,1,0
1656,56566,39744,0,1
1657,56566,39768,0,1
1658,56566,39792,0,1
1659,56566,39816,0,1
1660,56566,39840,0,1
1661,56566,39864,0,1
1662,56566,39888,0,1
1663,56566,39912,0,1
1664,56566,39936,0,1
1665,56566,39960,0,1
1666,56566,39984,0,1
1667,56566,40008,0,1
1668,56566,40032,0,1
1669,56566,40056,0,1
1670,56566,40080,1,0
1671,56566,40104,0,1
1672,56566,40128,1,0
1673,56566,40152,1,0
1674,56566,40176,1,0
1675,56566,40200,0,1
1676,56566,40224,0,1
1677,56566,40248,1,0
1678,56566,40272,0,1
1679,56566,40296,0,1
1680,56566,40320,0,1
1681,56566,40344,1,0
1682,56566,40368,0,1
1683,56566,40392,0,1
1684,56566,40416,0,1
1685,56566,40440,0,1
1686,56566,40464,0,1
1687,56566,40488,0,1
1688,56566,40512,0,1
1689,56566,40536,0,1
1690,56566,40560,0,1
1691,56566,40584,0,1
1692,56566,40608,1,0
1693,56566,40632,0,1
1694,56566,40656,0,1
1695,56566,40680,1,0
1696,56566,40704,0,1
1697,56566,40728,1,0
1698,56566,40752,0,1
1699,56566,40776,0,1
1700,56566,40800,0,1
1701,56566,40824,0,1
1702,56566,40848,1,0
1703,56566,40872,1,0
1704,56566,40896,1,0
1705,56566,40920,1,0
1706,56566,40944,1,0
1707,56566,40968,1,0
1708,56566,40992,1,0
1709,56566,41016,1,0
1710,56566,41040,0,1
1711,56566,41064,0,1
1712,56566,41088,1,0
1713,56566,41112,1,0
1714,56566,41136,1,0
1715,56566,41160,1,0
1716,56566,41184,0,1
1717,56566,41208,0,1
1718,56566,41232,1,0
1719,56566,41256,1,0
1720,56566,41280,0,1
1721,56566,41304,1,0
1722,56566,41328,0,1
1723,56566,41352,0,1
1724,56566,41376,0,1
1725,56566,41400,0,1
1726,56566,41424,0,1
1727,56566,41448,0,1
1728,56566,41472,1,0
1729,56566,41496,1,0
1730,56566,41520,1,0
1731,56566,41544,1,0
1732,56566,41568,1,0
1733,56566,41592,0,1
1734,56566,41616,0,1
1735,56566,41640,0,1
1736,56566,41664,0,1
1737,56566,41688,0,1
1738,56566,41712,1,0
1739,56566,41736,1,0
1740,56566,41760,1,0
1741,56566,41784,1,0
1742,56566,41808,1,0
1743,56566,41832,1,0
1744,56566,41856,1,0
1745,56566,41880,1,0
1746,56566,41904,0,1
1747,56566,41928,0,1
1748,56566,41952,1,0
1749,56566,41976,1,0
1750,56566,42000,1,0
1751,56566,42024,1,0
1752,56566,42048,1,0
1753,56566,42072,1,0
1754,56566,42096,1,0
1755,56566,42120,1,0
1756,56566,42144,0,1
1757,56566,42168,0,1
1758,56566,42192,0,1
1759,56566,42216,0,1
1760,56566,42240,0,1
1761,56566,42264,0,1
1762,56566,42288,0,1
1763,56566,42312,0,1
1764,56566,42336,1,0
1765,56566,42360,1,0
1766,56566,42384,1,0
1767,56566,42408,1,0
1768,56566,42432,1,0
1769,56566,42456,1,0
1770,56566,42480,1,0
1771,56566,42504,1,0
1772,56566,42528,1,0
1773,56566,42552,1,0
1774,56566,42576,1,0
1775,56566,42600,1,0
1776,56566,42624,1,0
1777,56566,42648,1,0
1778,56566,42672,1,0
1779,56566,42696,1,0
1780,56566,42720,1,0
1781,56566,42744,1,0
1782,56566,42768,1,0
1783,56566,42792,1,0
1784,56566,42816,1,0
1785,56566,42840,1,0
1786,56566,42864,0,1
1787,56566,42888,1,0
1788,56566,42912,0,1
1789,56566,42936,0,1
1790,56566,42960,1,0
1791,56566,42984,1,0
1792,56566,43008,0,1
1793,56566,43032,1,0
1794,56566,43056,0,1
1795,56566,43080,0,1
1796,56566,43104,1,0
1797,56566,43128,1,0
1798,56566,43152,1,0
1799,56566,43176,0,1
1800,56566,43200,0,1
1801,56566,43224,0,1
1802,56566,43248,0,1
1803,56566,43272,1,0
1804,56566,43296,1,0
1805,56566,43320,0,1
1806,56566,43344,0,1
1807,56566,43368,0,1
1808,56566,43392,0,1
1809,56566,43416,0,1
1810,56566,43440,0,1
1811,56566,43464,0,1
1812,56566,43488,0,1
1813,56566,43512,0,1
1814,56566,43536,0,1
1815,56566,43560,0,1
1816,56566,43584,0,1
1817,56566,43608,0,1
1818,56566,43632,0,1
1819,56566,43656,0,1
1820,56566,43680,0,1
1821,56566,43704,0,1
1822,56566,43728,0,1
1823,56566,43752,0,1
1824,56566,43776,0,1
1825,56566,43800,0,1
1826,56566,43824,0,1
1827,56566,43848,0,1
1828,56566,43872,0,1
1829,56566,43896,0,1
1830,56566,43920,0,1
1831,56566,43944,0,1
1832,56566,43968,0,1
1833,56566,43992,0,1
1834,56566,44016,0,1
1835,56566,44040,0,1
1836,56566,44064,0,1
1837,56566,44088,0,1
1838,56566,44112,0,1
1839,56566,44136,0,1
1840,56566,44160,0,1
1841,56566,44184,0,1
1842,56566,44208,0,1
1843,56566,44232,0,1
1844,56566,44256,0,1
1845,56566,44280,0,1
1846,56566,44304,0,1
1847,56566,44328,0,1
1848,56566,44352,0,1
1849,56566,44376,0,1
1850,56566,44400,0,1
1851,56566,44424,0,1
1852,56566,44448,0,1
1853,56566,44472,0,1
1854,56566,44496,0,1
1855,56566,44520,0,1
1856,56566,44544,0,1
1857,56566,44568,0,1
1858,56566,44592,0,1
1859,56566,44616,0,1
1860,56566,44640,0,1
1861,56566,44664,0,1
1862,56566,44688,0,1
1863,56566,44712,0,1
1864,56566,44736,0,1
1865,56566,44760,0,1
1866,56566,44784,0,1
1867,56566,44808,0,1
1868,56566,44832,0,1
1869,56566,44856,0,1
1870,56566,44880,0,1
1871,56566,44904,0,1
1872,56566,44928,0,1
1873,56566,44952,0,1
1874,56566,44976,0,1
1875,56566,45000,0,1
1876,56566,45024,0,1
1877,56566,45048,0,1
1878,56566,45072,0,1
1879,56566,45096,0,1
1880,56566,45120,0,1
1881,56566,45144,0,1
1882,56566,45168,0,1
1883,56566,45192,0,1
1884,56566,45216,0,1
1885,56566,45240,0,1
1886,56566,45264,0,1
1887,56566,45288,0,1
1888,56566,45312,0,1
1889,56566,45336,0,1
1890,56566,45360,0,1
1891,56566,45384,0,1
1892,56566,45408,0,1
1893,56566,45432,0,1
1894,56566,45456,0,1
1895,56566,45480,0,1
1896,56566,45504,0,1
1897,56566,45528,0,1
1898,56566,45552,0,1
1899,56566,45576,0,1
1900,56566,45600,0,1
1901,56566,45624,0,1
1902,56566,45648,0,1
1903,56566,45672,0,1
1904,56566,45696,0,1
1905,56566,45720,0,1
1906,56566,45744,0,1
1907,56566,45768,0,1
1908,56566,45792,0,1
1909,56566,45816,0,1
1910,56566,45840,0,1
1911,56566,45864,0,1
1912,56566,45888,0,1
1913,56566,45912,0,1
1914,56566,45936,0,1
1915,56566,45960,0,1
1916,56566,45984,0,1
1917,56566,46008,0,1
1918,56566,46032,0,1
1919,56566,46056,0,1
1920,56566,46080,0,1
1921,56566,46104,0,1
1922,56566,46128,0,1
1923,56566,46152,0,1
1924,56566,46176,0,1
1925,56566,46200,0,1
1926,56566,46224,0,1
1927,56566,46248,0,1
1928,56566,46272,0,1
1929,56566,46296,0,1
1930,56566,46320,0,1
1931,56566,46344,0,1
1932,56566,46368,0,1
1933,56566,46392,0,1
1934,56566,46416,0,1
1935,56566,46440,0,1
1936,56566,46464,0,1
1937,56566,46488,0,1
1938,56566,46512,0,1
1939,56566,46536,0,1
1940,56566,46560,0,1
1941,56566,46584,0,1
1942,56566,46608,0,1
1943,56566,46632,0,1
1944,56566,46656,0,1
1945,56566,46680,0,1
1946,56566,46704,0,1
1947,56566,46728,0,1
1948,56566,46752,0,1
1949,56566,46776,0,1
1950,56566,46800,0,1
1951,56566,46824,0,1
1952,56566,46848,0,1
1953,56566,46872,0,1
1954,56566,46896,0,1
1955,56566,46920,0,1
1956,56566,46944,0,1
1957,56566,46968,0,1
1958,56566,46992,0,1
1959,56566,47016,0,1
1960,56566,47040,0,1
1961,56566,47064,0,1
1962,56566,47088,0,1
1963,56566,47112,0,1
1964,56566,47136,0,1
1965,56566,47160,0,1
1966,56566,47184,0,1
1967,56566,47208,0,1
1968,56566,47232,0,1
1969,56566,47256,0,1
1970,56566,47280,0,1
1971,56566,47304,0,1
1972,56566,47328,0,1
1973,56566,47352,0,1
1974,56566,47376,0,1
1975,56566,47400,0,1
1976,56566,47424,0,1
1977,56566,47448,0,1
1978,56566,47472,0,1
1979,56566,47496,0,1
1980,56566,47520,0,1
1981,56566,47544,0,1
1982,56566,47568,0,1
1983,56566,47592,0,1
1984,56566,47616,0,1
1985,56566,47640,0,1
1986,56566,47664,0,1
1987,56566,47688,0,1
1988,56566,47712,0,1
1989,56566,47736,0,1
1990,56566,47760,0,1
1991,56566,47784,0,1
1992,56566,47808,0,1
1993,56566,47832,0,1
1994,56566,47856,0,1
1995,56566,47880,0,1
1996,56566,47904,0,1
1997,56566,47928,0,1
1998,56566,47952,0,1
1999,56566,47976,0,1
2000,56566,48000,0,1
2001,56566,48024,0,1
2002,56566,48048,0,1
2003,56566,48072,0,1
2004,56566,48096,0,1
2005,56566,48120,0,1
2006,56566,48144,0,1
2007,56566,48168,0,1
2008,56566,48192,0,1
2009,56566,48216,0,1
2010,56566,48240,0,1
2011,56566,48264,0,1
2012,56566,48288,0,1
2013,56566,48312,0,1
2014,56566,48336,0,1
2015,56566,48360,0,1
2016,56566,48384,0,1
2017,56566,48408,0,1
2018,56566,48432,0,1
2019,56566,48456,0,1
2020,56566,48480,0,1
2021,56566,48504,0,1
2022,56566,48528,0,1
2023,56566,48552,0,1
2024,56566,48576,0,1
2025,56566,48600,0,1
2026,56566,48624,0,1
2027,56566,48648,0,1
2028,56566,48672,0,1
2029,56566,48696,0,1
2030,56566,48720,0,1
2031,56566,48744,0,1
2032,56566,48768,0,1
2033,56566,48792,0,1
2034,56566,48816,0,1
2035,56566,48840,0,1
2036,56566,48864,0,1
2037,56566,48888,0,1
2038,56566,48912,0,1
2039,56566,48936,0,1
2040,56566,48960,0,1
2041,56566,48984,0,1
2042,56566,49008,0,1
2043,56566,49032,0,1
2044,56566,49056,0,1
2045,56566,49080,0,1
2046,56566,49104,0,1
2047,56566,49128,0,1
2048,56566,49152,0,1
2049,56566,49176,0,1
2050,56566,49200,0,1
2051,56566,49224,0,1
2052,56566,49248,0,1
2053,56566,49272,0,1
2054,56566,49296,0,1
2055,56566,49320,0,1
2056,56566,49344,0,1
2057,56566,49368,0,1
2058,56566,49392,0,1
2059,56566,49416,0,1
2060,56566,49440,0,1
2061,56566,49464,0,1
2062,56566,49488,0,1
2063,56566,49512,0,1
2064,56566,49536,0,1
2065,56566,49560,0,1
2066,56566,49584,0,1
2067,56566,49608,0,1
2068,56566,49632,0,1
2069,56566,49656,0,1
2070,56566,49680,0,1
2071,56566,49704,0,1
2072,56566,49728,0,1
2073,56566,49752,0,1
2074,56566,49776,0,1
2075,56566,49800,0,1
2076,56566,49824,0,1
2077,56566,49848,0,1
2078,56566,49872,0,1
2079,56566,49896,0,1
2080,56566,49920,0,1
2081,56566,49944,0,1
2082,56566,49968,0,1
2083,56566,49992,0,1
2084,56566,50016,0,1
2085,56566,50040,0,1
2086,56566,50064,0,1
2087,56566,50088,0,1
2088,56566,50112,0,1
2089,56566,50136,0,1
2090,56566,50160,0,1
2091,56566,50184,0,1
2092,56566,50208,0,1
2093,56566,50232,0,1
2094,56566,50256,0,1
2095,56566,50280,0,1
2096,56566,50304,0,1
2097,56566,50328,0,1
2098,56566,50352,0,1
2099,56566,50376,0,1
2100,56566,50400,0,1
2101,56566,50424,0,1
2102,56566,50448,0,1
2103,56566,50472,0,1
2104,56566,50496,0,1
2105,56566,50520,0,1
2106,56566,50544,0,1
2107,56566,50568,0,1
2108,56566,50592,0,1
2109,56566,50616,0,1
2110,56566,50640,0,1
2111,56566,50664,0,1
2112,56566,50688,0,1
2113,56566,50712,0,1
2114,56566,50736,0,1
2115,56566,50760,0,1
2116,56566,50784,0,1
2117,56566,50808,0,1
2118,56566,50832,0,1
2119,56566,50856,0,1
2120,56566,50880,0,1
2121,56566,50904,0,1
2122,56566,50928,0,1
2123,56566,50952,0,1
2124,56566,50976,0,1
2125,56566,51000,0,1
2126,56566,51024,0,1
2127,56566,51048,1,0
2128,56566,51072,1,0
2129,56566,51096,1,0
2130,56566,51120,1,0
2131,56566,51144,1,0
2132,56566,51168,1,0
2133,56566,51192,1,0
2134,56566,51216,1,0
2135,56566,51240,1,0
2136,56566,51264,1,0
2137,56566,51288,1,0
2138,56566,51312,1,0
2139,56566,51336,1,0
2140,56566,51360,1,0
2141,56566,51384,1,0
2142,56566,51408,1,0
2143,56566,51432,1,0
2144,56566,51456,1,0
2145,56566,51480,1,0
2146,56566,51504,1,0
2147,56566,51528,1,0
2148,56566,51552,1,0
2149,56566,51576,0,1
2150,56566,51600,0,1
2151,56566,51624,1,0
2152,56566,51648,0,1
2153,56566,51672,0,1
2154,56566,51696,0,1
2155,56566,51720,0,1
2156,56566,51744,0,1
2157,56566,51768,0,1
2158,56566,51792,1,0
2159,56566,51816,1,0
2160,56566,51840,1,0
2161,56566,51864,1,0
2162,56566,51888,1,0
2163,56566,51912,1,0
2164,56566,51936,1,0
2165,56566,51960,0,1
2166,56566,51984,1,0
2167,56566,52008,1,0
2168,56566,52032,1,0
2169,56566,52056,1,0
2170,56566,52080,1,0
2171,56566,52104,0,1
2172,56566,52128,1,0
2173,56566,52152,1,0
2174,56566,52176,0,1
2175,56566,52200,0,1
2176,56566,52224,1,0
2177,56566,52248,0,1
2178,56566,52272,0,1
2179,56566,52296,0,1
2180,56566,52320,0,1
2181,56566,52344,0,1
2182,56566,52368,0,1
2183,56566,52392,0,1
2184,56566,52416,0,1
2185,56566,52440,1,0
2186,56566,52464,0,1
2187,56566,52488,0,1
2188,56566,52512,0,1
2189,56566,52536,0,1
2190,56566,52560,1,0
2191,56566,52584,1,0
2192,56566,52608,0,1
2193,56566,52632,0,1
2194,56566,52656,0,1
2195,56566,52680,0,1
2196,56566,52704,1,0
2197,56566,52728,1,0
2198,56566,52752,1,0
2199,56566,52776,1,0
2200,56566,52800,1,0
2201,56566,52824,1,0
2202,56566,52848,1,0
2203,56566,52872,1,0
2204,56566,52896,1,0
2205,56566,52920,1,0
2206,56566,52944,1,0
2207,56566,52968,1,0
2208,56566,52992,1,0
2209,56566,53016,1,0
2210,56566,53040,1,0
2211,56566,53064,1,0
2212,56566,53088,1,0
2213,56566,53112,1,0
2214,56566,53136,1,0
2215,56566,53160,1,0
2216,56566,53184,0,1
2217,56566,53208,0,1
2218,56566,53232,1,0
2219,56566,53256,1,0
2220,56566,53280,1,0
2221,56566,53304,0,1
2222,56566,53328,1,0
2223,56566,53352,1,0
2224,56566,53376,1,0
2225,56566,53400,1,0
2226,56566,53424,1,0
2227,56566,53448,1,0
2228,56566,53472,1,0
2229,56566,53496,1,0
2230,56566,53520,1,0
2231,56566,53544,1,0
2232,56566,53568,1,0
2233,56566,53592,0,1
2234,56566,53616,1,0
2235,56566,53640,0,1
2236,56566,53664,0,1
2237,56566,53688,1,0
2238,56566,53712,1,0
2239,56566,53736,0,1
2240,56566,53760,0,1
2241,56566,53784,0,1
2242,56566,53808,0,1
2243,56566,53832,0,1
2244,56566,53856,0,1
2245,56566,53880,0,1
2246,56566,53904,0,1
2247,56566,53928,0,1
2248,56566,53952,0,1
2249,56566,53976,0,1
2250,56566,54000,0,1
2251,56566,54024,0,1
2252,56566,54048,0,1
2253,56566,54072,0,1
2254,56566,54096,0,1
2255,56566,54120,0,1
2256,56566,54144,0,1
2257,56566,54168,0,1
2258,56566,54192,0,1
2259,56566,54216,0,1
2260,56566,54240,0,1
2261,56566,54264,0,1
2262,56566,54288,0,1
2263,56566,54312,0,1
2264,56566,54336,0,1
2265,56566,54360,0,1
2266,56566,54384,0,1
2267,56566,54408,0,1
2268,56566,54432,0,1
2269,56566,54456,0,1
2270,56566,54480,0,1
2271,56566,54504,0,1
2272,56566,54528,0,1
2273,56566,54552,0,1
2274,56566,54576,0,1
2275,56566,54600,0,1
2276,56566,54624,0,1
2277,56566,54648,0,1
2278,56566,54672,0,1
2279,56566,54696,0,1
2280,56566,54720,0,1
2281,56566,54744,0,1
2282,56566,54768,0,1
2283,56566,54792,0,1
2284,56566,54816,0,1
2285,56566,54840,0,1
2286,56566,54864,0,1
2287,56566,54888,0,1
2288,56566,54912,0,1
2289,56566,54936,0,1
2290,56566,54960,0,1
2291,56566,54984,0,1
2292,56566,55008,0,1
2293,56566,55032,0,1
2294,56566,55056,0,1
2295,56566,55080,0,1
2296,56566,55104,0,1
2297,56566,55128,0,1
2298,56566,55152,0,1
2299,56566,55176,0,1
2300,56566,55200,0,1
2301,56566,55224,0,1
2302,56566,55248,0,1
2303,56566,55272,0,1
2304,56566,55296,0,1
2305,56566,55320,0,1
2306,56566,55344,0,1
2307,56566,55368,0,1
2308,56566,55392,0,1
2309,56566,55416,0,1
2310,56566,55440,0,1
2311,56566,55464,0,1
2312,56566,55488,0,1
2313,56566,55512,0,1
2314,56566,55536,0,1
2315,56566,55560,0,1
2316,56566,55584,0,1
2317,56566,55608,0,1
2318,56566,55632,0,1
2319,56566,55656,0,1
2320,56566,55680,0,1
2321,56566,55704,0,1
2322,56566,55728,0,1
2323,56566,55752,0,1
2324,56566,55776,0,1
2325,56566,55800,0,1
2326,56566,55824,0,1
2327,56566,55848,0,1
2328,56566,55872,0,1
2329,56566,55896,0,1
2330,56566,55920,0,1
2331,56566,55944,0,1
2332,56566,55968,0,1
2333,56566,55992,0,1
2334,56566,56016,0,1
2335,56566,56040,0,1
2336,56566,56064,1,0
2337,56566,56088,1,0
2338,56566,56112,0,1
2339,56566,56136,1,0
2340,56566,56160,1,0
2341,56566,56184,1,0
2342,56566,56208,1,0
2343,56566,56232,0,1
2344,56566,56256,0,1
2345,56566,56280,0,1
2346,56566,56304,0,1
2347,56566,56328,0,1
2348,56566,56352,0,1
2349,56566,56376,0,1
2350,56566,56400,0,1
2351,56566,56424,0,1
2352,56566,56448,0,1
2353,56566,56472,0,1
2354,56566,56496,1,0
2355,56566,56520,1,0
2356,56566,56544,0,1
2357,56566,56568,1,0
2358,56566,56592,1,0
2359,56566,56616,1,0
2360,56566,56640,0,1
2361,56566,56664,0,1
2362,56566,56688,0,1
2363,56566,56712,0,1
2364,56566,56736,0,1
2365,56566,56760,0,1
2366,56566,56784,0,1
2367,56566,56808,0,1
2368,56566,56832,0,1
2369,56566,56856,0,1
2370,56566,56880,0,1
2371,56566,56904,0,1
2372,56566,56928,0,1
2373,56566,56952,0,1
2374,56566,56976,0,1
2375,56566,57000,0,1
2376,56566,57024,0,1
2377,56566,57048,0,1
2378,56566,57072,0,1
2379,56566,57096,0,1
2380,56566,57120,0,1
2381,56566,57144,0,1
2382,56566,57168,0,1
2383,56566,57192,0,1
2384,56566,57216,1,0
2385,56566,57240,0,1
2386,56566,57264,0,1
2387,56566,57288,0,1
2388,56566,57312,0,1
2389,56566,57336,0,1
2390,56566,57360,0,1
2391,56566,57384,1,0
2392,56566,57408,0,1
2393,56566,57432,0,1
2394,56566,57456,0,1
2395,56566,57480,0,1
2396,56566,57504,0,1
2397,56566,57528,0,1
2398,56566,57552,0,1
2399,56566,57576,0,1
2400,56566,57600,0,1
2401,56566,57624,1,0
2402,56566,57648,1,0
2403,56566,57672,0,1
2404,56566,57696,0,1
2405,56566,57720,0,1
2406,56566,57744,0,1
2407,56566,57768,0,1
2408,56566,57792,0,1
2409,56566,57816,0,1
2410,56566,57840,0,1
2411,56566,57864,0,1
2412,56566,57888,0,1
2413,56566,57912,0,1
2414,56566,57936,0,1
2415,56566,57960,0,1
2416,56566,57984,0,1
2417,56566,58008,1,0
2418,56566,58032,0,1
2419,56566,58056,0,1
2420,56566,58080,1,0
2421,56566,58104,1,0
2422,56566,58128,1,0
2423,56566,58152,0,1
2424,56566,58176,0,1
2425,56566,58200,0,1
2426,56566,58224,0,1
2427,56566,58248,0,1
2428,56566,58272,0,1
2429,56566,58296,0,1
2430,56566,58320,0,1
2431,56566,58344,0,1
2432,56566,58368,0,1
2433,56566,58392,0,1
2434,56566,58416,0,1
2435,56566,58440,0,1
2436,56566,58464,0,1
2437,56566,58488,0,1
2438,56566,58512,0,1
2439,56566,58536,0,1
2440,56566,58560,0,1
2441,56566,58584,0,1
2442,56566,58608,0,1
2443,56566,58632,0,1
2444,56566,58656,0,1
2445,56566,58680,0,1
2446,56566,58704,0,1
2447,56566,58728,0,1
2448,56566,58752,0,1
2449,56566,58776,0,1
2450,56566,58800,0,1
2451,56566,58824,0,1
2452,56566,58848,0,1
2453,56566,58872,0,1
2454,56566,58896,0,1
2455,56566,58920,0,1
2456,56566,58944,0,1
2457,56566,58968,0,1
2458,56566,58992,0,1
2459,56566,59016,0,1
2460,56566,59040,0,1
2461,56566,59064,0,1
2462,56566,59088,0,1
2463,56566,59112,1,0
2464,56566,59136,0,1
2465,56566,59160,0,1
2466,56566,59184,0,1
2467,56566,59208,0,1
2468,56566,59232,0,1
2469,56566,59256,0,1
2470,56566,59280,0,1
2471,56566,59304,0,1
2472,56566,59328,0,1
2473,56566,59352,0,1
2474,56566,59376,0,1
2475,56566,59400,0,1
2476,56566,59424,0,1
2477,56566,59448,1,0
2478,56566,59472,0,1
2479,56566,59496,0,1
2480,56566,59520,0,1
2481,56566,59544,1,0
2482,56566,59568,0,1
2483,56566,59592,0,1
2484,56566,59616,0,1
2485,56566,59640,0,1
2486,56566,59664,0,1
2487,56566,59688,0,1
2488,56566,59712,0,1
2489,56566,59736,0,1
2490,56566,59760,0,1
2491,56566,59784,0,1
2492,56566,59808,0,1
2493,56566,59832,0,1
2494,56566,59856,0,1
2495,56566,59880,0,1
2496,56566,59904,0,1
2497,56566,59928,1,0
2498,56566,59952,0,1
2499,56566,59976,0,1
2500,56566,60000,0,1
2501,56566,60024,0,1
2502,56566,60048,0,1
2503,56566,60072,0,1
2504,56566,60096,0,1
2505,56566,60120,0,1
2506,56566,60144,0,1
2507,56566,60168,1,0
2508,56566,60192,1,0
2509,56566,60216,1,0
2510,56566,60240,1,0
2511,56566,60264,0,1
2512,56566,60288,0,1
2513,56566,60312,0,1
2514,56566,60336,0,1
2515,56566,60360,0,1
2516,56566,60384,0,1
2517,56566,60408,0,1
2518,56566,60432,0,1
2519,56566,60456,0,1
2520,56566,60480,1,0
2521,56566,60504,0,1
2522,56566,60528,0,1
2523,56566,60552,0,1
2524,56566,60576,0,1
2525,56566,60600,0,1
2526,56566,60624,0,1
2527,56566,60648,0,1
2528,56566,60672,0,1
2529,56566,60696,0,1
2530,56566,60720,0,1
2531,56566,60744,0,1
2532,56566,60768,0,1
2533,56566,60792,1,0
2534,56566,60816,0,1
2535,56566,60840,0,1
2536,56566,60864,0,1
2537,56566,60888,0,1
2538,56566,60912,0,1
2539,56566,60936,0,1
2540,56566,60960,0,1
2541,56566,60984,1,0
2542,56566,61008,1,0
2543,56566,61032,0,1
2544,56566,61056,0,1
2545,56566,61080,1,0
2546,56566,61104,1,0
2547,56566,61128,1,0
2548,56566,61152,1,0
2549,56566,61176,0,1
2550,56566,61200,1,0
2551,56566,61224,1,0
2552,56566,61248,0,1
2553,56566,61272,1,0
2554,56566,61296,0,1
2555,56566,61320,0,1
2556,56566,61344,0,1
2557,56566,61368,0,1
2558,56566,61392,0,1
2559,56566,61416,0,1
2560,56566,61440,0,1
2561,56566,61464,0,1
2562,56566,61488,0,1
2563,56566,61512,0,1
2564,56566,61536,0,1
2565,56566,61560,0,1
2566,56566,61584,0,1
2567,56566,61608,0,1
2568,56566,61632,1,0
2569,56566,61656,1,0
2570,56566,61680,1,0
2571,56566,61704,1,0
2572,56566,61728,1,0
2573,56566,61752,1,0
2574,56566,61776,1,0
2575,56566,61800,1,0
2576,56566,61824,0,1
2577,56566,61848,0,1
2578,56566,61872,0,1
2579,56566,61896,0,1
2580,56566,61920,0,1
2581,56566,61944,0,1
2582,56566,61968,0,1
2583,56566,61992,0,1
2584,56566,62016,1,0
2585,56566,62040,1,0
2586,56566,62064,0,1
2587,56566,62088,1,0
2588,56566,62112,1,0
2589,56566,62136,0,1
2590,56566,62160,0,1
2591,56566,62184,0,1
2592,56566,62208,0,1
2593,56566,62232,0,1
2594,56566,62256,0,1
2595,56566,62280,0,1
2596,56566,62304,0,1
2597,56566,62328,0,1
2598,56566,62352,0,1
2599,56566,62376,0,1
2600,56566,62400,0,1
2601,56566,62424,0,1
2602,56566,62448,0,1
2603,56566,62472,0,1
2604,56566,62496,0,1
2605,56566,62520,0,1
2606,56566,62544,0,1
2607,56566,62568,0,1
2608,56566,62592,0,1
2609,56566,62616,0,1
2610,56566,62640,0,1
2611,56566,62664,0,1
2612,56566,62688,0,1
2613,56566,62712,0,1
2614,56566,62736,1,0
2615,56566,62760,0,1
2616,56566,62784,1,0
2617,56566,62808,0,1
2618,56566,62832,1,0
2619,56566,62856,0,1
2620,56566,62880,0,1
2621,56566,62904,0,1
2622,56566,62928,0,1
2623,56566,62952,0,1
2624,56566,62976,0,1
2625,56566,63000,0,1
2626,56566,63024,0,1
2627,56566,63048,0,1
2628,56566,63072,0,1
2629,56566,63096,0,1
2630,56566,63120,1,0
2631,56566,63144,0,1
2632,56566,63168,0,1
2633,56566,63192,0,1
2634,56566,63216,0,1
2635,56566,63240,0,1
2636,56566,63264,0,1
2637,56566,63288,1,0
2638,56566,63312,1,0
2639,56566,63336,0,1
2640,56566,63360,0,1
2641,56566,63384,0,1
2642,56566,63408,0,1
2643,56566,63432,0,1
2644,56566,63456,0,1
2645,56566,63480,0,1
2646,56566,63504,0,1
2647,56566,63528,0,1
2648,56566,63552,0,1
2649,56566,63576,1,0
2650,56566,63600,0,1
2651,56566,63624,0,1
2652,56566,63648,0,1
2653,56566,63672,0,1
2654,56566,63696,0,1
2655,56566,63720,0,1
2656,56566,63744,0,1
2657,56566,63768,0,1
2658,56566,63792,0,1
2659,56566,63816,1,0
2660,56566,63840,1,0
2661,56566,63864,0,1
2662,56566,63888,0,1
2663,56566,63912,0,1
2664,56566,63936,0,1
2665,56566,63960,0,1
2666,56566,63984,0,1
2667,56566,64008,0,1
2668,56566,64032,0,1
2669,56566,64056,0,1
2670,56566,64080,0,1
2671,56566,64104,0,1
2672,56566,64128,0,1
2673,56566,64152,0,1
2674,56566,64176,0,1
2675,56566,64200,0,1
2676,56566,64224,0,1
2677,56566,64248,0,1
2678,56566,64272,0,1
2679,56566,64296,0,1
2680,56566,64320,0,1
2681,56566,64344,0,1
2682,56566,64368,0,1
2683,56566,64392,0,1
2684,56566,64416,0,1
2685,56566,64440,0,1
2686,56566,64464,0,1
2687,56566,64488,0,1
2688,56566,64512,0,1
2689,56566,64536,0,1
2690,56566,64560,0,1
2691,56566,64584,0,1
2692,56566,64608,0,1
2693,56566,64632,0,1
2694,56566,64656,0,1
2695,56566,64680,0,1
2696,56566,64704,0,1
2697,56566,64728,0,1
2698,56566,64752,0,1
2699,56566,64776,0,1
2700,56566,64800,0,1
2701,56566,64824,0,1
2702,56566,64848,0,1
2703,56566,64872,1,0
2704,56566,64896,0,1
2705,56566,64920,1,0
2706,56566,64944,0,1
2707,56566,64968,0,1
2708,56566,64992,0,1
2709,56566,65016,0,1
2710,56566,65040,0,1
2711,56566,65064,0,1
2712,56566,65088,0,1
2713,56566,65112,0,1
2714,56566,65136,0,1
2715,56566,65160,0,1
2716,56566,65184,0,1
2717,56566,65208,0,1
2718,56566,65232,0,1
2719,56566,65256,0,1
2720,56566,65280,0,1
2721,56566,65304,0,1
2722,56566,65328,0,1
2723,56566,65352,0,1
2724,56566,65376,0,1
2725,56566,65400,0,1
2726,56566,65424,0,1
2727,56566,65448,0,1
2728,56566,65472,0,1
2729,56566,65496,0,1
2730,56566,65520,0,1
2731,56566,65544,0,1
2732,56566,65568,0,1
2733,56566,65592,0,1
2734,56566,65616,0,1
2735,56566,65640,0,1
2736,56566,65664,0,1
2737,56566,65688,0,1
2738,56566,65712,0,1
2739,56566,65736,0,1
2740,56566,65760,0,1
2741,56566,65784,0,1
2742,56566,65808,0,1
2743,56566,65832,0,1
2744,56566,65856,0,1
2745,56566,65880,0,1
2746,56566,65904,0,1
2747,56566,65928,0,1
2748,56566,65952,0,1
2749,56566,65976,0,1
2750,56566,66000,0,1
2751,56566,66024,0,1
2752,56566,66048,1,0
2753,56566,66072,0,1
2754,56566,66096,0,1
2755,56566,66120,0,1
2756,56566,66144,0,1
2757,56566,66168,0,1
2758,56566,66192,0,1
2759,56566,66216,0,1
2760,56566,66240,0,1
2761,56566,66264,0,1
2762,56566,66288,0,1
2763,56566,66312,0,1
2764,56566,66336,0,1
2765,56566,66360,0,1
2766,56566,66384,0,1
2767,56566,66408,0,1
2768,56566,66432,0,1
2769,56566,66456,0,1
2770,56566,66480,0,1
2771,56566,66504,0,1
2772,56566,66528,0,1
2773,56566,66552,0,1
2774,56566,66576,0,1
2775,56566,66600,0,1
2776,56566,66624,0,1
2777,56566,66648,0,1
2778,56566,66672,0,1
2779,56566,66696,0,1
2780,56566,66720,0,1
2781,56566,66744,0,1
2782,56566,66768,0,1
2783,56566,66792,0,1
2784,56566,66816,0,1
2785,56566,66840,0,1
2786,56566,66864,0,1
2787,56566,66888,0,1
2788,56566,66912,0,1
2789,56566,66936,0,1
2790,56566,66960,0,1
2791,56566,66984,0,1
2792,56566,67008,0,1
2793,56566,67032,0,1
2794,56566,67056,0,1
2795,56566,67080,0,1
2796,56566,67104,0,1
2797,56566,67128,0,1
2798,56566,67152,0,1
2799,56566,67176,0,1
2800,56566,67200,0,1
2801,56566,67224,0,1
2802,56566,67248,0,1
2803,56566,67272,0,1
2804,56566,67296,0,1
2805,56566,67320,0,1
2806,56566,67344,0,1
2807,56566,67368,0,1
2808,56566,67392,0,1
2809,56566,67416,0,1
2810,56566,67440,0,1
2811,56566,67464,0,1
2812,56566,67488,0,1
2813,56566,67512,0,1
2814,56566,67536,0,1
2815,56566,67560,0,1
2816,56566,67584,0,1
2817,56566,67608,0,1
2818,56566,67632,0,1
2819,56566,67656,0,1
2820,56566,67680,0,1
2821,56566,67704,0,1
2822,56566,67728,0,1
2823,56566,67752,0,1
2824,56566,67776,0,1
2825,56566,67800,0,1
2826,56566,67824,0,1
2827,56566,67848,0,1
2828,56566,67872,0,1
2829,56566,67896,0,1
2830,56566,67920,0,1
2831,56566,67944,0,1
2832,56566,67968,0,1
2833,56566,67992,0,1
2834,56566,68016,0,1
2835,56566,68040,0,1
2836,56566,68064,0,1
2837,56566,68088,0,1
2838,56566,68112,0,1
2839,56566,68136,0,1
2840,56566,68160,0,1
2841,56566,68184,0,1
2842,56566,68208,0,1
2843,56566,68232,0,1
2844,56566,68256,0,1
2845,56566,68280,0,1
2846,56566,68304,0,1
2847,56566,68328,0,1
2848,56566,68352,0,1
2849,56566,68376,0,1
2850,56566,68400,0,1
2851,56566,68424,0,1
2852,56566,68448,0,1
2853,56566,68472,0,1
2854,56566,68496,0,1
2855,56566,68520,0,1
2856,56566,68544,0,1
2857,56566,68568,0,1
2858,56566,68592,0,1
2859,56566,68616,0,1
2860,56566,68640,0,1
2861,56566,68664,0,1
2862,56566,68688,0,1
2863,56566,68712,0,1
2864,56566,68736,0,1
2865,56566,68760,0,1
2866,56566,68784,0,1
2867,56566,68808,0,1
2868,56566,68832,0,1
2869,56566,68856,0,1
2870,56566,68880,0,1
2871,56566,68904,0,1
2872,56566,68928,0,1
2873,56566,68952,0,1
2874,56566,68976,0,1
2875,56566,69000,0,1
2876,56566,69024,0,1
2877,56566,69048,0,1
2878,56566,69072,0,1
2879,56566,69096,0,1
2880,56566,69120,0,1
2881,56566,69144,0,1
2882,56566,69168,0,1
2883,56566,69192,0,1
2884,56566,69216,0,1
2885,56566,69240,0,1
2886,56566,69264,0,1
2887,56566,69288,0,1
2888,56566,69312,0,1
2889,56566,69336,0,1
2890,56566,69360,0,1
2891,56566,69384,0,1
2892,56566,69408,0,1
2893,56566,69432,0,1
2894,56566,69456,0,1
2895,56566,69480,0,1
2896,56566,69504,0,1
2897,56566,69528,0,1
2898,56566,69552,0,1
2899,56566,69576,0,1
2900,56566,69600,0,1
2901,56566,69624,0,1
2902,56566,69648,0,1
2903,56566,69672,0,1
2904,56566,69696,0,1
2905,56566,69720,0,1
2906,56566,69744,0,1
2907,56566,69768,0,1
2908,56566,69792,0,1
2909,56566,69816,0,1
2910,56566,69840,0,1
2911,56566,69864,0,1
2912,56566,69888,0,1
2913,56566,69912,0,1
2914,56566,69936,0,1
2915,56566,69960,0,1
2916,56566,69984,0,1
2917,56566,70008,0,1
2918,56566,70032,0,1
2919,56566,70056,0,1
2920,56566,70080,0,1
2921,56566,70104,0,1
2922,56566,70128,0,1
2923,56566,70152,0,1
2924,56566,70176,0,1
2925,56566,70200,0,1
2926,56566,70224,0,1
2927,56566,70248,0,1
2928,56566,70272,0,1
2929,56566,70296,0,1
2930,56566,70320,0,1
2931,56566,70344,0,1
2932,56566,70368,0,1
2933,56566,70392,0,1
2934,56566,70416,0,1
2935,56566,70440,0,1
2936,56566,70464,0,1
2937,56566,70488,0,1
2938,56566,70512,0,1
2939,56566,70536,0,1
2940,56566,70560,0,1
2941,56566,70584,0,1
2942,56566,70608,0,1
2943,56566,70632,0,1
2944,56566,70656,0,1
2945,56566,70680,0,1
2946,56566,70704,0,1
2947,56566,70728,0,1
2948,56566,70752,0,1
2949,56566,70776,0,1
2950,56566,70800,0,1
2951,56566,70824,0,1
2952,56566,70848,0,1
2953,56566,70872,0,1
2954,56566,70896,0,1
2955,56566,70920,1,0
2956,56566,70944,0,1
2957,56566,70968,0,1
2958,56566,70992,0,1
2959,56566,71016,0,1
2960,56566,71040,1,0
2961,56566,71064,0,1
2962,56566,71088,1,0
2963,56566,71112,1,0
2964,56566,71136,0,1
2965,56566,71160,0,1
2966,56566,71184,0,1
2967,56566,71208,0,1
2968,56566,71232,0,1
2969,56566,71256,0,1
2970,56566,71280,0,1
2971,56566,71304,0,1
2972,56566,71328,0,1
2973,56566,71352,0,1
2974,56566,71376,0,1
2975,56566,71400,0,1
2976,56566,71424,0,1
2977,56566,71448,0,1
2978,56566,71472,0,1
2979,56566,71496,0,1
2980,56566,71520,0,1
2981,56566,71544,0,1
2982,56566,71568,0,1
2983,56566,71592,1,0
2984,56566,71616,0,1
2985,56566,71640,1,0
2986,56566,71664,0,1
2987,56566,71688,0,1
2988,56566,71712,0,1
2989,56566,71736,0,1
2990,56566,71760,0,1
2991,56566,71784,0,1
2992,56566,71808,0,1
2993,56566,71832,0,1
2994,56566,71856,0,1
2995,56566,71880,0,1
2996,56566,71904,0,1
2997,56566,71928,0,1
2998,56566,71952,0,1
2999,56566,71976,0,1
3000,56566,72000,0,1
3001,56566,72024,0,1
3002,56566,72048,0,1
3003,56566,72072,0,1
3004,56566,72096,0,1
3005,56566,72120,0,1
3006,56566,72144,0,1
3007,56566,72168,0,1
3008,56566,72192,0,1
3009,56566,72216,0,1
3010,56566,72240,0,1
3011,56566,72264,0,1
3012,56566,72288,0,1
3013,56566,72312,0,1
3014,56566,72336,0,1
3015,56566,72360,0,1
3016,56566,72384,0,1
3017,56566,72408,0,1
3018,56566,72432,0,1
3019,56566,72456,0,1
3020,56566,72480,0,1
3021,56566,72504,0,1
3022,56566,72528,0,1
3023,56566,72552,0,1
3024,56566,72576,1,0
3025,56566,72600,0,1
3026,56566,72624,0,1
3027,56566,72648,0,1
3028,56566,72672,0,1
3029,56566,72696,0,1
3030,56566,72720,0,1
3031,56566,72744,0,1
3032,56566,72768,0,1
3033,56566,72792,0,1
3034,56566,72816,0,1
3035,56566,72840,0,1
3036,56566,72864,0,1
3037,56566,72888,0,1
3038,56566,72912,0,1
3039,56566,72936,0,1
3040,56566,72960,0,1
3041,56566,72984,0,1
3042,56566,73008,0,1
3043,56566,73032,0,1
3044,56566,73056,0,1
3045,56566,73080,0,1
3046,56566,73104,0,1
3047,56566,73128,0,1
3048,56566,73152,0,1
3049,56566,73176,0,1
3050,56566,73200,0,1
3051,56566,73224,0,1
3052,56566,73248,0,1
3053,56566,73272,0,1
3054,56566,73296,0,1
3055,56566,73320,0,1
3056,56566,73344,0,1
3057,56566,73368,0,1
3058,56566,73392,0,1
3059,56566,73416,0,1
3060,56566,73440,0,1
3061,56566,73464,0,1
3062,56566,73488,0,1
3063,56566,73512,0,1
3064,56566,73536,0,1
3065,56566,73560,0,1
3066,56566,73584,0,1
3067,56566,73608,0,1
3068,56566,73632,0,1
3069,56566,73656,0,1
3070,56566,73680,0,1
3071,56566,73704,1,0
3072,56566,73728,0,1
3073,56566,73752,0,1
3074,56566,73776,0,1
3075,56566,73800,0,1
3076,56566,73824,0,1
3077,56566,73848,0,1
3078,56566,73872,0,1
3079,56566,73896,0,1
3080,56566,73920,0,1
3081,56566,73944,0,1
3082,56566,73968,0,1
3083,56566,73992,0,1
3084,56566,74016,0,1
3085,56566,74040,0,1
3086,56566,74064,0,1
3087,56566,74088,0,1
3088,56566,74112,0,1
3089,56566,74136,0,1
3090,56566,74160,0,1
3091,56566,74184,0,1
3092,56566,74208,0,1
3093,56566,74232,0,1
3094,56566,74256,0,1
3095,56566,74280,0,1
3096,56566,74304,0,1
3097,56566,74328,0,1
3098,56566,74352,0,1
3099,56566,74376,0,1
3100,56566,74400,1,0
3101,56566,74424,1,0
3102,56566,74448,1,0
3103,56566,74472,1,0
3104,56566,74496,0,1
3105,56566,74520,0,1
3106,56566,74544,0,1
3107,56566,74568,0,1
3108,56566,74592,0,1
3109,56566,74616,0,1
3110,56566,74640,1,0
3111,56566,74664,1,0
3112,56566,74688,0,1
3113,56566,74712,0,1
3114,56566,74736,1,0
3115,56566,74760,1,0
3116,56566,74784,1,0
3117,56566,74808,1,0
3118,56566,74832,1,0
3119,56566,74856,0,1
3120,56566,74880,0,1
3121,56566,74904,0,1
3122,56566,74928,0,1
3123,56566,74952,0,1
3124,56566,74976,0,1
3125,56566,75000,0,1
3126,56566,75024,0,1
3127,56566,75048,1,0
3128,56566,75072,0,1
3129,56566,75096,0,1
3130,56566,75120,1,0
3131,56566,75144,1,0
3132,56566,75168,1,0
3133,56566,75192,0,1
3134,56566,75216,0,1
3135,56566,75240,0,1
3136,56566,75264,0,1
3137,56566,75288,0,1
3138,56566,75312,0,1
3139,56566,75336,0,1
3140,56566,75360,0,1
3141,56566,75384,1,0
3142,56566,75408,1,0
3143,56566,75432,1,0
3144,56566,75456,0,1
3145,56566,75480,0,1
3146,56566,75504,0,1
3147,56566,75528,0,1
3148,56566,75552,0,1
3149,56566,75576,0,1
3150,56566,75600,0,1
3151,56566,75624,0,1
3152,56566,75648,0,1
3153,56566,75672,0,1
3154,56566,75696,0,1
3155,56566,75720,0,1
3156,56566,75744,0,1
3157,56566,75768,1,0
3158,56566,75792,0,1
3159,56566,75816,0,1
3160,56566,75840,1,0
3161,56566,75864,1,0
3162,56566,75888,1,0
3163,56566,75912,0,1
3164,56566,75936,0,1
3165,56566,75960,0,1
3166,56566,75984,1,0
3167,56566,76008,1,0
3168,56566,76032,1,0
3169,56566,76056,0,1
3170,56566,76080,0,1
3171,56566,76104,1,0
3172,56566,76128,1,0
3173,56566,76152,1,0
3174,56566,76176,1,0
3175,56566,76200,0,1
3176,56566,76224,1,0
3177,56566,76248,1,0
3178,56566,76272,1,0
3179,56566,76296,1,0
3180,56566,76320,1,0
3181,56566,76344,1,0
3182,56566,76368,1,0
3183,56566,76392,1,0
3184,56566,76416,0,1
3185,56566,76440,0,1
3186,56566,76464,1,0
3187,56566,76488,0,1
3188,56566,76512,0,1
3189,56566,76536,0,1
3190,56566,76560,0,1
3191,56566,76584,0,1
3192,56566,76608,0,1
3193,56566,76632,0,1
3194,56566,76656,0,1
3195,56566,76680,0,1
3196,56566,76704,0,1
3197,56566,76728,0,1
3198,56566,76752,0,1
3199,56566,76776,0,1
3200,56566,76800,0,1
3201,56566,76824,0,1
3202,56566,76848,0,1
3203,56566,76872,0,1
3204,56566,76896,0,1
3205,56566,76920,0,1
3206,56566,76944,0,1
3207,56566,76968,0,1
3208,56566,76992,0,1
3209,56566,77016,0,1
3210,56566,77040,0,1
3211,56566,77064,0,1
3212,56566,77088,0,1
3213,56566,77112,0,1
3214,56566,77136,0,1
3215,56566,77160,0,1
3216,56566,77184,0,1
3217,56566,77208,0,1
3218,56566,77232,0,1
3219,56566,77256,0,1
3220,56566,77280,0,1
3221,56566,77304,0,1
3222,56566,77328,0,1
3223,56566,77352,0,1
3224,56566,77376,0,1
3225,56566,77400,0,1
3226,56566,77424,1,0
3227,56566,77448,0,1
3228,56566,77472,0,1
3229,56566,77496,0,1
3230,56566,77520,0,1
3231,56566,77544,0,1
3232,56566,77568,0,1
3233,56566,77592,0,1
3234,56566,77616,0,1
3235,56566,77640,0,1
3236,56566,77664,0,1
3237,56566,77688,0,1
3238,56566,77712,0,1
3239,56566,77736,0,1
3240,56566,77760,0,1
3241,56566,77784,0,1
3242,56566,77808,0,1
3243,56566,77832,0,1
3244,56566,77856,0,1
3245,56566,77880,0,1
3246,56566,77904,0,1
3247,56566,77928,0,1
3248,56566,77952,0,1
3249,56566,77976,0,1
3250,56566,78000,0,1
3251,56566,78024,0,1
3252,56566,78048,0,1
3253,56566,78072,0,1
3254,56566,78096,0,1
3255,56566,78120,0,1
3256,56566,78144,0,1
3257,56566,78168,0,1
3258,56566,78192,0,1
3259,56566,78216,0,1
3260,56566,78240,0,1
3261,56566,78264,0,1
3262,56566,78288,0,1
3263,56566,78312,0,1
3264,56566,78336,0,1
3265,56566,78360,0,1
3266,56566,78384,0,1
3267,56566,78408,0,1
3268,56566,78432,0,1
3269,56566,78456,0,1
3270,56566,78480,0,1
3271,56566,78504,0,1
3272,56566,78528,0,1
3273,56566,78552,0,1
3274,56566,78576,0,1
3275,56566,78600,0,1
3276,56566,78624,0,1
3277,56566,78648,0,1
3278,56566,78672,0,1
3279,56566,78696,0,1
3280,56566,78720,0,1
3281,56566,78744,0,1
3282,56566,78768,0,1
3283,56566,78792,0,1
3284,56566,78816,0,1
3285,56566,78840,0,1
3286,56566,78864,0,1
3287,56566,78888,0,1
3288,56566,78912,0,1
3289,56566,78936,0,1
3290,56566,78960,0,1
3291,56566,78984,0,1
3292,56566,79008,0,1
3293,56566,79032,0,1
3294,56566,79056,0,1
3295,56566,79080,0,1
3296,56566,79104,0,1
3297,56566,79128,0,1
3298,56566,79152,0,1
3299,56566,79176,0,1
3300,56566,79200,0,1
3301,56566,79224,0,1
3302,56566,79248,0,1
3303,56566,79272,0,1
3304,56566,79296,0,1
3305,56566,79320,0,1
3306,56566,79344,0,1
3307,56566,79368,0,1
3308,56566,79392,0,1
3309,56566,79416,0,1
3310,56566,79440,0,1
3311,56566,79464,0,1
3312,56566,79488,0,1
3313,56566,79512,0,1
3314,56566,79536,0,1
3315,56566,79560,0,1
3316,56566,79584,0,1
3317,56566,79608,0,1
3318,56566,79632,0,1
3319,56566,79656,0,1
3320,56566,79680,0,1
3321,56566,79704,0,1
3322,56566,79728,0,1
3323,56566,79752,0,1
3324,56566,79776,0,1
3325,56566,79800,0,1
3326,56566,79824,0,1
3327,56566,79848,0,1
3328,56566,79872,0,1
3329,56566,79896,0,1
3330,56566,79920,0,1
3331,56566,79944,0,1
3332,56566,79968,0,1
3333,56566,79992,0,1
3334,56566,80016,0,1
3335,56566,80040,0,1
3336,56566,80064,0,1
3337,56566,80088,0,1
3338,56566,80112,0,1
3339,56566,80136,0,1
3340,56566,80160,0,1
3341,56566,80184,0,1
3342,56566,80208,0,1
3343,56566,80232,0,1
3344,56566,80256,0,1
3345,56566,80280,0,1
3346,56566,80304,0,1
3347,56566,80328,0,1
3348,56566,80352,0,1
3349,56566,80376,0,1
3350,56566,80400,0,1
3351,56566,80424,0,1
3352,56566,80448,0,1
3353,56566,80472,0,1
3354,56566,80496,0,1
3355,56566,80520,0,1
3356,56566,80544,0,1
3357,56566,80568,0,1
3358,56566,80592,0,1
3359,56566,80616,0,1
3360,56566,80640,0,1
3361,56566,80664,0,1
3362,56566,80688,0,1
3363,56566,80712,0,1
3364,56566,80736,0,1
3365,56566,80760,0,1
3366,56566,80784,0,1
3367,56566,80808,0,1
3368,56566,80832,0,1
3369,56566,80856,0,1
3370,56566,80880,0,1
3371,56566,80904,0,1
3372,56566,80928,0,1
3373,56566,80952,0,1
3374,56566,80976,0,1
3375,56566,81000,0,1
3376,56566,81024,0,1
3377,56566,81048,0,1
3378,56566,81072,0,1
3379,56566,81096,0,1
3380,56566,81120,0,1
3381,56566,81144,0,1
3382,56566,81168,0,1
3383,56566,81192,0,1
3384,56566,81216,0,1
3385,56566,81240,0,1
3386,56566,81264,0,1
3387,56566,81288,0,1
3388,56566,81312,0,1
3389,56566,81336,0,1
3390,56566,81360,0,1
3391,56566,81384,0,1
3392,56566,81408,0,1
3393,56566,81432,0,1
3394,56566,81456,0,1
3395,56566,81480,0,1
3396,56566,81504,0,1
3397,56566,81528,0,1
3398,56566,81552,0,1
3399,56566,81576,0,1
3400,56566,81600,0,1
3401,56566,81624,0,1
3402,56566,81648,0,1
3403,56566,81672,0,1
3404,56566,81696,0,1
3405,56566,81720,0,1
3406,56566,81744,0,1
3407,56566,81768,0,1
3408,56566,81792,0,1
3409,56566,81816,0,1
3410,56566,81840,0,1
3411,56566,81864,0,1
3412,56566,81888,0,1
3413,56566,81912,0,1
3414,56566,81936,0,1
3415,56566,81960,0,1
3416,56566,81984,0,1
3417,56566,82008,0,1
3418,56566,82032,0,1
3419,56566,82056,0,1
3420,56566,82080,0,1
3421,56566,82104,0,1
3422,56566,82128,0,1
3423,56566,82152,0,1
3424,56566,82176,0,1
3425,56566,82200,0,1
3426,56566,82224,0,1
3427,56566,82248,0,1
3428,56566,82272,0,1
3429,56566,82296,0,1
3430,56566,82320,0,1
3431,56566,82344,0,1
3432,56566,82368,0,1
3433,56566,82392,0,1
3434,56566,82416,0,1
3435,56566,82440,0,1
3436,56566,82464,0,1
3437,56566,82488,0,1
3438,56566,82512,0,1
3439,56566,82536,0,1
3440,56566,82560,0,1
3441,56566,82584,0,1
3442,56566,82608,0,1
3443,56566,82632,0,1
3444,56566,82656,0,1
3445,56566,82680,0,1
3446,56566,82704,0,1
3447,56566,82728,0,1
3448,56566,82752,0,1
3449,56566,82776,0,1
3450,56566,82800,0,1
3451,56566,82824,0,1
3452,56566,82848,0,1
3453,56566,82872,0,1
3454,56566,82896,0,1
3455,56566,82920,1,0
3456,56566,82944,1,0
3457,56566,82968,1,0
3458,56566,82992,1,0
3459,56566,83016,1,0
3460,56566,83040,1,0
3461,56566,83064,1,0
3462,56566,83088,1,0
3463,56566,83112,1,0
3464,56566,83136,1,0
3465,56566,83160,1,0
3466,56566,83184,1,0
3467,56566,83208,1,0
3468,56566,83232,1,0
3469,56566,83256,1,0
3470,56566,83280,1,0
3471,56566,83304,0,1
3472,56566,83328,1,0
3473,56566,83352,1,0
3474,56566,83376,0,1
3475,56566,83400,1,0
3476,56566,83424,1,0
3477,56566,83448,1,0
3478,56566,83472,1,0
3479,56566,83496,0,1
3480,56566,83520,0,1
3481,56566,83544,1,0
3482,56566,83568,0,1
3483,56566,83592,1,0
3484,56566,83616,1,0
3485,56566,83640,1,0
3486,56566,83664,1,0
3487,56566,83688,1,0
3488,56566,83712,0,1
3489,56566,83736,1,0
3490,56566,83760,0,1
3491,56566,83784,0,1
3492,56566,83808,0,1
3493,56566,83832,0,1
3494,56566,83856,0,1
3495,56566,83880,0,1
3496,56566,83904,0,1
3497,56566,83928,0,1
3498,56566,83952,0,1
3499,56566,83976,0,1
3500,56566,84000,0,1
3501,56566,84024,0,1
3502,56566,84048,1,0
3503,56566,84072,1,0
3504,56566,84096,1,0
3505,56566,84120,1,0
3506,56566,84144,0,1
3507,56566,84168,0,1
3508,56566,84192,0,1
3509,56566,84216,1,0
3510,56566,84240,1,0
3511,56566,84264,1,0
3512,56566,84288,0,1
3513,56566,84312,0,1
3514,56566,84336,0,1
3515,56566,84360,0,1
3516,56566,84384,0,1
3517,56566,84408,0,1
3518,56566,84432,0,1
3519,56566,84456,1,0
3520,56566,84480,0,1
3521,56566,84504,0,1
3522,56566,84528,0,1
3523,56566,84552,0,1
3524,56566,84576,0,1
3525,56566,84600,0,1
3526,56566,84624,0,1
3527,56566,84648,0,1
3528,56566,84672,0,1
3529,56566,84696,0,1
3530,56566,84720,0,1
3531,56566,84744,0,1
3532,56566,84768,0,1
3533,56566,84792,0,1
3534,56566,84816,0,1
3535,56566,84840,0,1
3536,56566,84864,0,1
3537,56566,84888,0,1
3538,56566,84912,0,1
3539,56566,84936,0,1
3540,56566,84960,0,1
3541,56566,84984,0,1
3542,56566,85008,0,1
3543,56566,85032,0,1
3544,56566,85056,0,1
3545,56566,85080,0,1
3546,56566,85104,0,1
3547,56566,85128,0,1
3548,56566,85152,0,1
3549,56566,85176,0,1
3550,56566,85200,0,1
3551,56566,85224,0,1
3552,56566,85248,0,1
3553,56566,85272,0,1
3554,56566,85296,0,1
3555,56566,85320,0,1
3556,56566,85344,0,1
3557,56566,85368,0,1
3558,56566,85392,0,1
3559,56566,85416,0,1
3560,56566,85440,0,1
3561,56566,85464,0,1
3562,56566,85488,0,1
3563,56566,85512,0,1
3564,56566,85536,0,1
3565,56566,85560,0,1
3566,56566,85584,0,1
3567,56566,85608,0,1
3568,56566,85632,0,1
3569,56566,85656,0,1
3570,56566,85680,0,1
3571,56566,85704,0,1
3572,56566,85728,0,1
3573,56566,85752,0,1
3574,56566,85776,0,1
3575,56566,85800,0,1
3576,56566,85824,0,1
3577,56566,85848,0,1
3578,56566,85872,0,1
3579,56566,85896,0,1
3580,56566,85920,0,1
3581,56566,85944,0,1
3582,56566,85968,0,1
3583,56566,85992,0,1
3584,56566,86016,0,1
3585,56566,86040,0,1
3586,56566,86064,0,1
3587,56566,86088,0,1
3588,56566,86112,0,1
3589,56566,86136,0,1
3590,56566,86160,0,1
3591,56566,86184,0,1
3592,56566,86208,0,1
3593,56566,86232,0,1
3594,56566,86256,0,1
3595,56566,86280,0,1
3596,56566,86304,0,1
3597,56566,86328,0,1
3598,56566,86352,0,1
3599,56566,86376,0,1
3600,56566,86400,0,1
3601,56566,86424,0,1
3602,56566,86448,0,1
3603,56566,86472,0,1
3604,56566,86496,0,1
3605,56566,86520,0,1
3606,56566,86544,0,1
3607,56566,86568,0,1
3608,56566,86592,0,1
3609,56566,86616,0,1
3610,56566,86640,0,1
3611,56566,86664,0,1
3612,56566,86688,0,1
3613,56566,86712,0,1
3614,56566,86736,0,1
3615,56566,86760,0,1
3616,56566,86784,1,0
3617,56566,86808,0,1
3618,56566,86832,0,1
3619,56566,86856,0,1
3620,56566,86880,0,1
3621,56566,86904,0,1
3622,56566,86928,0,1
3623,56566,86952,0,1
3624,56566,86976,0,1
3625,56566,87000,0,1
3626,56566,87024,1,0
3627,56566,87048,0,1
3628,56566,87072,1,0
3629,56566,87096,0,1
3630,56566,87120,1,0
3631,56566,87144,1,0
3632,56566,87168,0,1
3633,56566,87192,0,1
3634,56566,87216,0,1
3635,56566,87240,0,1
3636,56566,87264,0,1
3637,56566,87288,0,1
3638,56566,87312,0,1
3639,56566,87336,0,1
3640,56566,87360,0,1
3641,56566,87384,0,1
3642,56566,87408,0,1
3643,56566,87432,0,1
3644,56566,87456,0,1
3645,56566,87480,0,1
3646,56566,87504,0,1
3647,56566,87528,0,1
3648,56566,87552,0,1
3649,56566,87576,0,1
3650,56566,87600,0,1
3651,56566,87624,0,1
3652,56566,87648,0,1
3653,56566,87672,0,1
3654,56566,87696,0,1
3655,56566,87720,0,1
3656,56566,87744,0,1
3657,56566,87768,0,1
3658,56566,87792,0,1
3659,56566,87816,0,1
3660,56566,87840,0,1
3661,56566,87864,0,1
3662,56566,87888,0,1
3663,56566,87912,0,1
3664,56566,87936,0,1
3665,56566,87960,0,1
3666,56566,87984,0,1
3667,56566,88008,1,0
3668,56566,88032,0,1
3669,56566,88056,0,1
3670,56566,88080,0,1
3671,56566,88104,0,1
3672,56566,88128,0,1
3673,56566,88152,1,0
3674,56566,88176,1,0
3675,56566,88200,0,1
3676,56566,88224,0,1
3677,56566,88248,0,1
3678,56566,88272,0,1
3679,56566,88296,0,1
3680,56566,88320,0,1
3681,56566,88344,1,0
3682,56566,88368,1,0
3683,56566,88392,0,1
3684,56566,88416,0,1
3685,56566,88440,0,1
3686,56566,88464,0,1
3687,56566,88488,0,1
3688,56566,88512,0,1
3689,56566,88536,0,1
3690,56566,88560,0,1
3691,56566,88584,1,0
3692,56566,88608,0,1
3693,56566,88632,0,1
3694,56566,88656,0,1
3695,56566,88680,0,1
3696,56566,88704,0,1
3697,56566,88728,1,0
3698,56566,88752,0,1
3699,56566,88776,0,1
3700,56566,88800,0,1
3701,56566,88824,0,1
3702,56566,88848,0,1
3703,56566,88872,0,1
3704,56566,88896,0,1
3705,56566,88920,0,1
3706,56566,88944,0,1
3707,56566,88968,0,1
3708,56566,88992,0,1
3709,56566,89016,0,1
3710,56566,89040,0,1
3711,56566,89064,0,1
3712,56566,89088,1,0
3713,56566,89112,0,1
3714,56566,89136,1,0
3715,56566,89160,0,1
3716,56566,89184,0,1
3717,56566,89208,0,1
3718,56566,89232,0,1
3719,56566,89256,0,1
3720,56566,89280,0,1
3721,56566,89304,0,1
3722,56566,89328,0,1
3723,56566,89352,0,1
3724,56566,89376,0,1
3725,56566,89400,0,1
3726,56566,89424,0,1
3727,56566,89448,0,1
3728,56566,89472,0,1
3729,56566,89496,0,1
3730,56566,89520,0,1
3731,56566,89544,0,1
3732,56566,89568,0,1
3733,56566,89592,0,1
3734,56566,89616,0,1
3735,56566,89640,0,1
3736,56566,89664,0,1
3737,56566,89688,0,1
3738,56566,89712,0,1
3739,56566,89736,0,1
3740,56566,89760,0,1
3741,56566,89784,0,1
3742,56566,89808,0,1
3743,56566,89832,0,1
3744,56566,89856,0,1
3745,56566,89880,0,1
3746,56566,89904,0,1
3747,56566,89928,0,1
3748,56566,89952,0,1
3749,56566,89976,0,1
3750,56566,90000,0,1
3751,56566,90024,0,1
3752,56566,90048,0,1
3753,56566,90072,0,1
3754,56566,90096,0,1
3755,56566,90120,0,1
3756,56566,90144,0,1
3757,56566,90168,0,1
3758,56566,90192,0,1
3759,56566,90216,0,1
3760,56566,90240,0,1
3761,56566,90264,0,1
3762,56566,90288,0,1
3763,56566,90312,0,1
3764,56566,90336,0,1
3765,56566,90360,0,1
3766,56566,90384,1,0
3767,56566,90408,0,1
3768,56566,90432,1,0
3769,56566,90456,0,1
3770,56566,90480,0,1
3771,56566,90504,0,1
3772,56566,90528,0,1
3773,56566,90552,0,1
3774,56566,90576,0,1
3775,56566,90600,0,1
3776,56566,90624,0,1
3777,56566,90648,1,0
3778,56566,90672,1,0
3779,56566,90696,1,0
3780,56566,90720,0,1
3781,56566,90744,1,0
3782,56566,90768,1,0
3783,56566,90792,0,1
3784,56566,90816,0,1
3785,56566,90840,1,0
3786,56566,90864,0,1
3787,56566,90888,0,1
3788,56566,90912,0,1
3789,56566,90936,0,1
3790,56566,90960,0,1
3791,56566,90984,0,1
3792,56566,91008,0,1
3793,56566,91032,0,1
3794,56566,91056,0,1
3795,56566,91080,0,1
3796,56566,91104,0,1
3797,56566,91128,0,1
3798,56566,91152,0,1
3799,56566,91176,0,1
3800,56566,91200,0,1
3801,56566,91224,0,1
3802,56566,91248,0,1
3803,56566,91272,0,1
3804,56566,91296,0,1
3805,56566,91320,0,1
3806,56566,91344,0,1
3807,56566,91368,0,1
3808,56566,91392,0,1
3809,56566,91416,0,1
3810,56566,91440,0,1
3811,56566,91464,0,1
3812,56566,91488,0,1
3813,56566,91512,0,1
3814,56566,91536,0,1
3815,56566,91560,0,1
3816,56566,91584,0,1
3817,56566,91608,0,1
3818,56566,91632,0,1
3819,56566,91656,0,1
3820,56566,91680,0,1
3821,56566,91704,0,1
3822,56566,91728,0,1
3823,56566,91752,1,0
3824,56566,91776,0,1
3825,56566,91800,0,1
3826,56566,91824,0,1
3827,56566,91848,0,1
3828,56566,91872,0,1
3829,56566,91896,0,1
3830,56566,91920,0,1
3831,56566,91944,0,1
3832,56566,91968,0,1
3833,56566,91992,0,1
3834,56566,92016,0,1
3835,56566,92040,0,1
3836,56566,92064,0,1
3837,56566,92088,0,1
3838,56566,92112,0,1
3839,56566,92136,0,1
3840,56566,92160,0,1
3841,56566,92184,0,1
3842,56566,92208,1,0
3843,56566,92232,0,1
3844,56566,92256,0,1
3845,56566,92280,0,1
3846,56566,92304,0,1
3847,56566,92328,0,1
3848,56566,92352,0,1
3849,56566,92376,0,1
3850,56566,92400,0,1
3851,56566,92424,0,1
3852,56566,92448,0,1
3853,56566,92472,0,1
3854,56566,92496,0,1
3855,56566,92520,0,1
3856,56566,92544,0,1
3857,56566,92568,1,0
3858,56566,92592,1,0
3859,56566,92616,1,0
3860,56566,92640,1,0
3861,56566,92664,1,0
3862,56566,92688,0,1
3863,56566,92712,0,1
3864,56566,92736,1,0
3865,56566,92760,1,0
3866,56566,92784,1,0
3867,56566,92808,1,0
3868,56566,92832,1,0
3869,56566,92856,1,0
3870,56566,92880,1,0
3871,56566,92904,1,0
3872,56566,92928,1,0
3873,56566,92952,0,1
3874,56566,92976,0,1
3875,56566,93000,0,1
3876,56566,93024,0,1
3877,56566,93048,0,1
3878,56566,93072,0,1
3879,56566,93096,0,1
3880,56566,93120,0,1
3881,56566,93144,0,1
3882,56566,93168,0,1
3883,56566,93192,0,1
3884,56566,93216,0,1
3885,56566,93240,0,1
3886,56566,93264,0,1
3887,56566,93288,0,1
3888,56566,93312,0,1
3889,56566,93336,0,1
3890,56566,93360,0,1
3891,56566,93384,0,1
3892,56566,93408,0,1
3893,56566,93432,0,1
3894,56566,93456,0,1
3895,56566,93480,0,1
3896,56566,93504,0,1
3897,56566,93528,0,1
3898,56566,93552,0,1
3899,56566,93576,0,1
3900,56566,93600,0,1
3901,56566,93624,0,1
3902,56566,93648,0,1
3903,56566,93672,0,1
3904,56566,93696,0,1
3905,56566,93720,0,1
3906,56566,93744,0,1
3907,56566,93768,0,1
3908,56566,93792,0,1
3909,56566,93816,0,1
3910,56566,93840,0,1
3911,56566,93864,0,1
3912,56566,93888,0,1
3913,56566,93912,0,1
3914,56566,93936,0,1
3915,56566,93960,0,1
3916,56566,93984,0,1
3917,56566,94008,0,1
3918,56566,94032,0,1
3919,56566,94056,0,1
3920,56566,94080,0,1
3921,56566,94104,0,1
3922,56566,94128,0,1
3923,56566,94152,0,1
3924,56566,94176,0,1
3925,56566,94200,0,1
3926,56566,94224,0,1
3927,56566,94248,0,1
3928,56566,94272,0,1
3929,56566,94296,0,1
3930,56566,94320,0,1
3931,56566,94344,0,1
3932,56566,94368,0,1
3933,56566,94392,0,1
3934,56566,94416,0,1
3935,56566,94440,0,1
3936,56566,94464,1,0
3937,56566,94488,0,1
3938,56566,94512,0,1
3939,56566,94536,0,1
3940,56566,94560,0,1
3941,56566,94584,0,1
3942,56566,94608,0,1
3943,56566,94632,0,1
3944,56566,94656,0,1
3945,56566,94680,0,1
3946,56566,94704,0,1
3947,56566,94728,0,1
3948,56566,94752,0,1
3949,56566,94776,0,1
3950,56566,94800,0,1
3951,56566,94824,0,1
3952,56566,94848,0,1
3953,56566,94872,0,1
3954,56566,94896,0,1
3955,56566,94920,0,1
3956,56566,94944,0,1
3957,56566,94968,0,1
3958,56566,94992,0,1
3959,56566,95016,0,1
3960,56566,95040,0,1
3961,56566,95064,0,1
3962,56566,95088,0,1
3963,56566,95112,0,1
3964,56566,95136,0,1
3965,56566,95160,0,1
3966,56566,95184,0,1
3967,56566,95208,0,1
3968,56566,95232,0,1
3969,56566,95256,0,1
3970,56566,95280,0,1
3971,56566,95304,0,1
3972,56566,95328,0,1
3973,56566,95352,0,1
3974,56566,95376,0,1
3975,56566,95400,0,1
3976,56566,95424,0,1
3977,56566,95448,0,1
3978,56566,95472,0,1
3979,56566,95496,0,1
3980,56566,95520,0,1
3981,56566,95544,0,1
3982,56566,95568,0,1
3983,56566,95592,0,1
3984,56566,95616,0,1
3985,56566,95640,0,1
3986,56566,95664,0,1
3987,56566,95688,0,1
3988,56566,95712,0,1
3989,56566,95736,0,1
3990,56566,95760,0,1
3991,56566,95784,0,1
3992,56566,95808,0,1
3993,56566,95832,0,1
3994,56566,95856,0,1
3995,56566,95880,0,1
3996,56566,95904,0,1
3997,56566,95928,0,1
3998,56566,95952,0,1
3999,56566,95976,0,1
4000,56566,96000,0,1
4001,56566,96024,0,1
4002,56566,96048,0,1
4003,56566,96072,0,1
4004,56566,96096,0,1
4005,56566,96120,0,1
4006,56566,96144,0,1
4007,56566,96168,0,1
4008,56566,96192,0,1
4009,56566,96216,0,1
4010,56566,96240,0,1
4011,56566,96264,0,1
4012,56566,96288,0,1
4013,56566,96312,0,1
4014,56566,96336,0,1
4015,56566,96360,0,1
4016,56566,96384,0,1
4017,56566,96408,0,1
4018,56566,96432,0,1
4019,56566,96456,0,1
4020,56566,96480,0,1
4021,56566,96504,0,1
4022,56566,96528,0,1
4023,56566,96552,0,1
4024,56566,96576,0,1
4025,56566,96600,0,1
4026,56566,96624,0,1
4027,56566,96648,0,1
4028,56566,96672,0,1
4029,56566,96696,0,1
4030,56566,96720,0,1
4031,56566,96744,0,1
4032,56566,96768,0,1
4033,56566,96792,0,1
4034,56566,96816,0,1
4035,56566,96840,0,1
4036,56566,96864,0,1
4037,56566,96888,0,1
4038,56566,96912,0,1
4039,56566,96936,0,1
4040,56566,96960,0,1
4041,56566,96984,0,1
4042,56566,97008,0,1
4043,56566,97032,0,1
4044,56566,97056,0,1
4045,56566,97080,0,1
4046,56566,97104,0,1
4047,56566,97128,0,1
4048,56566,97152,0,1
4049,56566,97176,0,1
4050,56566,97200,0,1
4051,56566,97224,0,1
4052,56566,97248,0,1
4053,56566,97272,0,1
4054,56566,97296,0,1
4055,56566,97320,0,1
4056,56566,97344,0,1
4057,56566,97368,0,1
4058,56566,97392,0,1
4059,56566,97416,0,1
4060,56566,97440,0,1
4061,56566,97464,0,1
4062,56566,97488,0,1
4063,56566,97512,0,1
4064,56566,97536,0,1
4065,56566,97560,0,1
4066,56566,97584,0,1
4067,56566,97608,0,1
4068,56566,97632,0,1
4069,56566,97656,0,1
4070,56566,97680,0,1
4071,56566,97704,0,1
4072,56566,97728,0,1
4073,56566,97752,0,1
4074,56566,97776,0,1
4075,56566,97800,0,1
4076,56566,97824,0,1
4077,56566,97848,0,1
4078,56566,97872,0,1
4079,56566,97896,0,1
4080,56566,97920,0,1
4081,56566,97944,0,1
4082,56566,97968,0,1
4083,56566,97992,0,1
4084,56566,98016,0,1
4085,56566,98040,0,1
4086,56566,98064,0,1
4087,56566,98088,0,1
4088,56566,98112,0,1
4089,56566,98136,0,1
4090,56566,98160,0,1
4091,56566,98184,0,1
4092,56566,98208,0,1
4093,56566,98232,0,1
4094,56566,98256,0,1
4095,56566,98280,0,1
4096,56566,98304,0,1
4097,56566,98328,0,1
4098,56566,98352,0,1
4099,56566,98376,0,1
4100,56566,98400,0,1
4101,56566,98424,0,1
4102,56566,98448,0,1
4103,56566,98472,0,1
4104,56566,98496,0,1
4105,56566,98520,0,1
4106,56566,98544,0,1
4107,56566,98568,0,1
4108,56566,98592,0,1
4109,56566,98616,0,1
4110,56566,98640,0,1
4111,56566,98664,0,1
4112,56566,98688,0,1
4113,56566,98712,0,1
4114,56566,98736,0,1
4115,56566,98760,0,1
4116,56566,98784,0,1
4117,56566,98808,0,1
4118,56566,98832,0,1
4119,56566,98856,0,1
4120,56566,98880,0,1
4121,56566,98904,0,1
4122,56566,98928,0,1
4123,56566,98952,0,1
4124,56566,98976,0,1
4125,56566,99000,0,1
4126,56566,99024,0,1
4127,56566,99048,0,1
4128,56566,99072,0,1
4129,56566,99096,0,1
4130,56566,99120,0,1
4131,56566,99144,0,1
4132,56566,99168,0,1
4133,56566,99192,0,1
4134,56566,99216,0,1
4135,56566,99240,0,1
4136,56566,99264,0,1
4137,56566,99288,0,1
4138,56566,99312,0,1
4139,56566,99336,0,1
4140,56566,99360,0,1
4141,56566,99384,0,1
4142,56566,99408,0,1
4143,56566,99432,0,1
4144,56566,99456,0,1
4145,56566,99480,0,1
4146,56566,99504,0,1
4147,56566,99528,0,1
4148,56566,99552,0,1
4149,56566,99576,0,1
4150,56566,99600,0,1
4151,56566,99624,0,1
4152,56566,99648,0,1
4153,56566,99672,0,1
4154,56566,99696,0,1
4155,56566,99720,0,1
4156,56566,99744,0,1
4157,56566,99768,0,1
4158,56566,99792,0,1
4159,56566,99816,0,1
4160,56566,99840,0,1
4161,56566,99864,0,1
4162,56566,99888,0,1
4163,56566,99912,0,1
4164,56566,99936,0,1
4165,56566,99960,0,1
4166,56566,99984,0,1
4167,56566,100008,0,1
4168,56566,100032,0,1
4169,56566,100056,0,1
4170,56566,100080,0,1
4171,56566,100104,0,1
4172,56566,100128,0,1
4173,56566,100152,0,1
4174,56566,100176,0,1
4175,56566,100200,0,1
4176,56566,100224,0,1
4177,56566,100248,0,1
4178,56566,100272,0,1
4179,56566,100296,0,1
4180,56566,100320,0,1
4181,56566,100344,0,1
4182,56566,100368,0,1
4183,56566,100392,0,1
4184,56566,100416,0,1
4185,56566,100440,0,1
4186,56566,100464,0,1
4187,56566,100488,0,1
4188,56566,100512,0,1
4189,56566,100536,0,1
4190,56566,100560,0,1
4191,56566,100584,0,1
4192,56566,100608,0,1
4193,56566,100632,0,1
4194,56566,100656,0,1
4195,56566,100680,0,1
4196,56566,100704,0,1
4197,56566,100728,0,1
4198,56566,100752,0,1
4199,56566,100776,0,1
4200,56566,100800,0,1
4201,56566,100824,0,1
4202,56566,100848,0,1
4203,56566,100872,0,1
4204,56566,100896,0,1
4205,56566,100920,0,1
4206,56566,100944,0,1
4207,56566,100968,0,1
4208,56566,100992,0,1
4209,56566,101016,0,1
4210,56566,101040,0,1
4211,56566,101064,0,1
4212,56566,101088,0,1
4213,56566,101112,0,1
4214,56566,101136,0,1
4215,56566,101160,0,1
4216,56566,101184,0,1
4217,56566,101208,0,1
4218,56566,101232,0,1
4219,56566,101256,0,1
4220,56566,101280,0,1
4221,56566,101304,0,1
4222,56566,101328,0,1
4223,56566,101352,0,1
4224,56566,101376,0,1
4225,56566,101400,0,1
4226,56566,101424,0,1
4227,56566,101448,0,1
4228,56566,101472,0,1
4229,56566,101496,0,1
4230,56566,101520,0,1
4231,56566,101544,0,1
4232,56566,101568,0,1
4233,56566,101592,0,1
4234,56566,101616,0,1
4235,56566,101640,0,1
4236,56566,101664,0,1
4237,56566,101688,0,1
4238,56566,101712,0,1
4239,56566,101736,0,1
4240,56566,101760,0,1
4241,56566,101784,0,1
4242,56566,101808,0,1
4243,56566,101832,0,1
4244,56566,101856,0,1
4245,56566,101880,0,1
4246,56566,101904,0,1
4247,56566,101928,0,1
4248,56566,101952,0,1
4249,56566,101976,0,1
4250,56566,102000,0,1
4251,56566,102024,0,1
4252,56566,102048,0,1
4253,56566,102072,0,1
4254,56566,102096,0,1
4255,56566,102120,0,1
4256,56566,102144,0,1
4257,56566,102168,0,1
4258,56566,102192,0,1
4259,56566,102216,0,1
4260,56566,102240,0,1
4261,56566,102264,0,1
4262,56566,102288,0,1
4263,56566,102312,0,1
4264,56566,102336,0,1
4265,56566,102360,0,1
4266,56566,102384,0,1
4267,56566,102408,0,1
4268,56566,102432,0,1
4269,56566,102456,0,1
4270,56566,102480,0,1
4271,56566,102504,0,1
4272,56566,102528,1,0
4273,56566,102552,1,0
4274,56566,102576,1,0
4275,56566,102600,0,1
4276,56566,102624,0,1
4277,56566,102648,0,1
4278,56566,102672,0,1
4279,56566,102696,0,1
4280,56566,102720,0,1
4281,56566,102744,0,1
4282,56566,102768,0,1
4283,56566,102792,0,1
4284,56566,102816,0,1
4285,56566,102840,0,1
4286,56566,102864,0,1
4287,56566,102888,0,1
4288,56566,102912,0,1
4289,56566,102936,0,1
4290,56566,102960,0,1
4291,56566,102984,0,1
4292,56566,103008,0,1
4293,56566,103032,0,1
4294,56566,103056,0,1
4295,56566,103080,0,1
4296,56566,103104,0,1
4297,56566,103128,0,1
4298,56566,103152,0,1
4299,56566,103176,0,1
4300,56566,103200,0,1
4301,56566,103224,0,1
4302,56566,103248,0,1
4303,56566,103272,0,1
4304,56566,103296,0,1
4305,56566,103320,0,1
4306,56566,103344,0,1
4307,56566,103368,0,1
4308,56566,103392,0,1
4309,56566,103416,0,1
4310,56566,103440,0,1
4311,56566,103464,0,1
4312,56566,103488,0,1
4313,56566,103512,0,1
4314,56566,103536,0,1
4315,56566,103560,0,1
4316,56566,103584,0,1
4317,56566,103608,0,1
4318,56566,103632,0,1
4319,56566,103656,0,1
4320,56566,103680,0,1
4321,56566,103704,0,1
4322,56566,103728,0,1
4323,56566,103752,0,1
4324,56566,103776,0,1
4325,56566,103800,0,1
4326,56566,103824,0,1
4327,56566,103848,0,1
4328,56566,103872,0,1
4329,56566,103896,0,1
4330,56566,103920,0,1
4331,56566,103944,0,1
4332,56566,103968,0,1
4333,56566,103992,0,1
4334,56566,104016,0,1
4335,56566,104040,0,1
4336,56566,104064,0,1
4337,56566,104088,0,1
4338,56566,104112,0,1
4339,56566,104136,0,1
4340,56566,104160,0,1
4341,56566,104184,0,1
4342,56566,104208,0,1
4343,56566,104232,0,1
4344,56566,104256,0,1
4345,56566,104280,0,1
4346,56566,104304,0,1
4347,56566,104328,0,1
4348,56566,104352,0,1
4349,56566,104376,0,1
4350,56566,104400,0,1
4351,56566,104424,0,1
4352,56566,104448,0,1
4353,56566,104472,0,1
4354,56566,104496,0,1
4355,56566,104520,0,1
4356,56566,104544,0,1
4357,56566,104568,0,1
4358,56566,104592,0,1
4359,56566,104616,0,1
4360,56566,104640,0,1
4361,56566,104664,0,1
4362,56566,104688,0,1
4363,56566,104712,0,1
4364,56566,104736,0,1
4365,56566,104760,0,1
4366,56566,104784,0,1
4367,56566,104808,0,1
4368,56566,104832,0,1
4369,56566,104856,0,1
4370,56566,104880,0,1
4371,56566,104904,0,1
4372,56566,104928,0,1
4373,56566,104952,0,1
4374,56566,104976,0,1
4375,56566,105000,0,1
4376,56566,105024,0,1
4377,56566,105048,0,1
4378,56566,105072,0,1
4379,56566,105096,0,1
4380,56566,105120,0,1
4381,56566,105144,0,1
4382,56566,105168,1,0
4383,56566,105192,1,0
4384,56566,105216,1,0
4385,56566,105240,0,1
4386,56566,105264,0,1
4387,56566,105288,0,1
4388,56566,105312,0,1
4389,56566,105336,0,1
4390,56566,105360,1,0
4391,56566,105384,0,1
4392,56566,105408,0,1
4393,56566,105432,0,1
4394,56566,105456,1,0
4395,56566,105480,0,1
4396,56566,105504,0,1
4397,56566,105528,0,1
4398,56566,105552,0,1
4399,56566,105576,0,1
4400,56566,105600,0,1
4401,56566,105624,1,0
4402,56566,105648,0,1
4403,56566,105672,1,0
4404,56566,105696,1,0
4405,56566,105720,1,0
4406,56566,105744,0,1
4407,56566,105768,0,1
4408,56566,105792,0,1
4409,56566,105816,0,1
4410,56566,105840,1,0
4411,56566,105864,1,0
4412,56566,105888,1,0
4413,56566,105912,0,1
4414,56566,105936,0,1
4415,56566,105960,0,1
4416,56566,105984,0,1
4417,56566,106008,0,1
4418,56566,106032,0,1
4419,56566,106056,0,1
4420,56566,106080,0,1
4421,56566,106104,0,1
4422,56566,106128,0,1
4423,56566,106152,0,1
4424,56566,106176,0,1
4425,56566,106200,0,1
4426,56566,106224,0,1
4427,56566,106248,0,1
4428,56566,106272,0,1
4429,56566,106296,0,1
4430,56566,106320,0,1
4431,56566,106344,0,1
4432,56566,106368,0,1
4433,56566,106392,0,1
4434,56566,106416,0,1
4435,56566,106440,0,1
4436,56566,106464,0,1
4437,56566,106488,0,1
4438,56566,106512,0,1
4439,56566,106536,0,1
4440,56566,106560,0,1
4441,56566,106584,0,1
4442,56566,106608,0,1
4443,56566,106632,0,1
4444,56566,106656,0,1
4445,56566,106680,0,1
4446,56566,106704,0,1
4447,56566,106728,0,1
4448,56566,106752,0,1
4449,56566,106776,0,1
4450,56566,106800,0,1
4451,56566,106824,0,1
4452,56566,106848,0,1
4453,56566,106872,0,1
4454,56566,106896,0,1
4455,56566,106920,0,1
4456,56566,106944,0,1
4457,56566,106968,0,1
4458,56566,106992,0,1
4459,56566,107016,0,1
4460,56566,107040,0,1
4461,56566,107064,0,1
4462,56566,107088,0,1
4463,56566,107112,0,1
4464,56566,107136,0,1
4465,56566,107160,0,1
4466,56566,107184,0,1
4467,56566,107208,0,1
4468,56566,107232,0,1
4469,56566,107256,0,1
4470,56566,107280,0,1
4471,56566,107304,0,1
4472,56566,107328,0,1
4473,56566,107352,0,1
4474,56566,107376,0,1
4475,56566,107400,0,1
4476,56566,107424,0,1
4477,56566,107448,0,1
4478,56566,107472,0,1
4479,56566,107496,0,1
4480,56566,107520,0,1
4481,56566,107544,0,1
4482,56566,107568,0,1
4483,56566,107592,0,1
4484,56566,107616,0,1
4485,56566,107640,0,1
4486,56566,107664,0,1
4487,56566,107688,0,1
4488,56566,107712,0,1
4489,56566,107736,0,1
4490,56566,107760,0,1
4491,56566,107784,0,1
4492,56566,107808,0,1
4493,56566,107832,0,1
4494,56566,107856,0,1
4495,56566,107880,0,1
4496,56566,107904,0,1
4497,56566,107928,0,1
4498,56566,107952,0,1
4499,56566,107976,1,0
4500,56566,108000,1,0
4501,56566,108024,0,1
4502,56566,108048,0,1
4503,56566,108072,0,1
4504,56566,108096,0,1
4505,56566,108120,0,1
4506,56566,108144,1,0
4507,56566,108168,1,0
4508,56566,108192,1,0
4509,56566,108216,1,0
4510,56566,108240,0,1
4511,56566,108264,0,1
4512,56566,108288,0,1
4513,56566,108312,0,1
4514,56566,108336,1,0
4515,56566,108360,1,0
4516,56566,108384,1,0
4517,56566,108408,1,0
4518,56566,108432,1,0
4519,56566,108456,1,0
4520,56566,108480,1,0
4521,56566,108504,1,0
4522,56566,108528,1,0
4523,56566,108552,1,0
4524,56566,108576,1,0
4525,56566,108600,1,0
4526,56566,108624,0,1
4527,56566,108648,0,1
4528,56566,108672,0,1
4529,56566,108696,0,1
4530,56566,108720,0,1
4531,56566,108744,0,1
4532,56566,108768,0,1
4533,56566,108792,0,1
4534,56566,108816,0,1
4535,56566,108840,0,1
4536,56566,108864,0,1
4537,56566,108888,0,1
4538,56566,108912,0,1
4539,56566,108936,0,1
4540,56566,108960,0,1
4541,56566,108984,0,1
4542,56566,109008,0,1
4543,56566,109032,0,1
4544,56566,109056,0,1
4545,56566,109080,0,1
4546,56566,109104,0,1
4547,56566,109128,0,1
4548,56566,109152,0,1
4549,56566,109176,0,1
4550,56566,109200,0,1
4551,56566,109224,0,1
4552,56566,109248,0,1
4553,56566,109272,0,1
4554,56566,109296,0,1
4555,56566,109320,0,1
4556,56566,109344,0,1
4557,56566,109368,0,1
4558,56566,109392,0,1
4559,56566,109416,0,1
4560,56566,109440,0,1
4561,56566,109464,0,1
4562,56566,109488,0,1
4563,56566,109512,0,1
4564,56566,109536,0,1
4565,56566,109560,0,1
4566,56566,109584,0,1
4567,56566,109608,0,1
4568,56566,109632,0,1
4569,56566,109656,0,1
4570,56566,109680,0,1
4571,56566,109704,0,1
4572,56566,109728,0,1
4573,56566,109752,0,1
4574,56566,109776,0,1
4575,56566,109800,0,1
4576,56566,109824,0,1
4577,56566,109848,0,1
4578,56566,109872,0,1
4579,56566,109896,0,1
4580,56566,109920,0,1
4581,56566,109944,0,1
4582,56566,109968,0,1
4583,56566,109992,0,1
4584,56566,110016,0,1
4585,56566,110040,0,1
4586,56566,110064,1,0
4587,56566,110088,1,0
4588,56566,110112,1,0
4589,56566,110136,1,0
4590,56566,110160,1,0
4591,56566,110184,1,0
4592,56566,110208,1,0
4593,56566,110232,1,0
4594,56566,110256,1,0
4595,56566,110280,1,0
4596,56566,110304,1,0
4597,56566,110328,1,0
4598,56566,110352,1,0
4599,56566,110376,1,0
4600,56566,110400,1,0
4601,56566,110424,1,0
4602,56566,110448,1,0
4603,56566,110472,1,0
4604,56566,110496,1,0
4605,56566,110520,1,0
4606,56566,110544,1,0
4607,56566,110568,0,1
4608,56566,110592,1,0
4609,56566,110616,0,1
4610,56566,110640,0,1
4611,56566,110664,0,1
4612,56566,110688,0,1
4613,56566,110712,0,1
4614,56566,110736,0,1
4615,56566,110760,0,1
4616,56566,110784,0,1
4617,56566,110808,0,1
4618,56566,110832,1,0
4619,56566,110856,1,0
4620,56566,110880,1,0
4621,56566,110904,1,0
4622,56566,110928,1,0
4623,56566,110952,0,1
4624,56566,110976,1,0
4625,56566,111000,1,0
4626,56566,111024,1,0
4627,56566,111048,1,0
4628,56566,111072,1,0
4629,56566,111096,1,0
4630,56566,111120,0,1
4631,56566,111144,0,1
4632,56566,111168,1,0
4633,56566,111192,1,0
4634,56566,111216,0,1
4635,56566,111240,0,1
4636,56566,111264,0,1
4637,56566,111288,0,1
4638,56566,111312,0,1
4639,56566,111336,0,1
4640,56566,111360,0,1
4641,56566,111384,0,1
4642,56566,111408,0,1
4643,56566,111432,0,1
4644,56566,111456,0,1
4645,56566,111480,0,1
4646,56566,111504,0,1
4647,56566,111528,0,1
4648,56566,111552,0,1
4649,56566,111576,0,1
4650,56566,111600,0,1
4651,56566,111624,0,1
4652,56566,111648,0,1
4653,56566,111672,0,1
4654,56566,111696,1,0
4655,56566,111720,0,1
4656,56566,111744,0,1
4657,56566,111768,0,1
4658,56566,111792,0,1
4659,56566,111816,0,1
4660,56566,111840,0,1
4661,56566,111864,0,1
4662,56566,111888,1,0
4663,56566,111912,1,0
4664,56566,111936,1,0
4665,56566,111960,1,0
4666,56566,111984,1,0
4667,56566,112008,1,0
4668,56566,112032,1,0
4669,56566,112056,0,1
4670,56566,112080,0,1
4671,56566,112104,0,1
4672,56566,112128,0,1
4673,56566,112152,0,1
4674,56566,112176,0,1
4675,56566,112200,0,1
4676,56566,112224,1,0
4677,56566,112248,1,0
4678,56566,112272,0,1
4679,56566,112296,0,1
4680,56566,112320,0,1
4681,56566,112344,0,1
4682,56566,112368,0,1
4683,56566,112392,0,1
4684,56566,112416,1,0
4685,56566,112440,1,0
4686,56566,112464,0,1
4687,56566,112488,0,1
4688,56566,112512,0,1
4689,56566,112536,0,1
4690,56566,112560,0,1
4691,56566,112584,1,0
4692,56566,112608,0,1
4693,56566,112632,0,1
4694,56566,112656,0,1
4695,56566,112680,0,1
4696,56566,112704,0,1
4697,56566,112728,0,1
4698,56566,112752,0,1
4699,56566,112776,0,1
4700,56566,112800,0,1
4701,56566,112824,0,1
4702,56566,112848,0,1
4703,56566,112872,0,1
4704,56566,112896,0,1
4705,56566,112920,0,1
4706,56566,112944,0,1
4707,56566,112968,0,1
4708,56566,112992,0,1
4709,56566,113016,0,1
4710,56566,113040,0,1
4711,56566,113064,0,1
4712,56566,113088,0,1
4713,56566,113112,0,1
4714,56566,113136,0,1
4715,56566,113160,0,1
4716,56566,113184,0,1
4717,56566,113208,0,1
4718,56566,113232,0,1
4719,56566,113256,0,1
4720,56566,113280,0,1
4721,56566,113304,0,1
4722,56566,113328,0,1
4723,56566,113352,0,1
4724,56566,113376,0,1
4725,56566,113400,0,1
4726,56566,113424,0,1
4727,56566,113448,0,1
4728,56566,113472,0,1
4729,56566,113496,0,1
4730,56566,113520,0,1
4731,56566,113544,0,1
4732,56566,113568,0,1
4733,56566,113592,0,1
4734,56566,113616,0,1
4735,56566,113640,0,1
4736,56566,113664,0,1
4737,56566,113688,0,1
4738,56566,113712,0,1
4739,56566,113736,0,1
4740,56566,113760,1,0
4741,56566,113784,1,0
4742,56566,113808,1,0
4743,56566,113832,1,0
4744,56566,113856,1,0
4745,56566,113880,1,0
4746,56566,113904,1,0
4747,56566,113928,1,0
4748,56566,113952,1,0
4749,56566,113976,1,0
4750,56566,114000,1,0
4751,56566,114024,0,1
4752,56566,114048,1,0
4753,56566,114072,1,0
4754,56566,114096,0,1
4755,56566,114120,0,1
4756,56566,114144,0,1
4757,56566,114168,1,0
4758,56566,114192,1,0
4759,56566,114216,1,0
4760,56566,114240,1,0
4761,56566,114264,0,1
4762,56566,114288,0,1
4763,56566,114312,1,0
4764,56566,114336,1,0
4765,56566,114360,1,0
4766,56566,114384,1,0
4767,56566,114408,1,0
4768,56566,114432,0,1
4769,56566,114456,0,1
4770,56566,114480,0,1
4771,56566,114504,1,0
4772,56566,114528,0,1
4773,56566,114552,1,0
4774,56566,114576,0,1
4775,56566,114600,1,0
4776,56566,114624,1,0
4777,56566,114648,1,0
4778,56566,114672,0,1
4779,56566,114696,1,0
4780,56566,114720,1,0
4781,56566,114744,1,0
4782,56566,114768,1,0
4783,56566,114792,1,0
4784,56566,114816,1,0
4785,56566,114840,0,1
4786,56566,114864,0,1
4787,56566,114888,1,0
4788,56566,114912,1,0
4789,56566,114936,1,0
4790,56566,114960,1,0
4791,56566,114984,0,1
4792,56566,115008,0,1
4793,56566,115032,1,0
4794,56566,115056,1,0
4795,56566,115080,1,0
4796,56566,115104,1,0
4797,56566,115128,0,1
4798,56566,115152,1,0
4799,56566,115176,0,1
4800,56566,115200,1,0
4801,56566,115224,1,0
4802,56566,115248,1,0
4803,56566,115272,1,0
4804,56566,115296,1,0
4805,56566,115320,1,0
4806,56566,115344,1,0
4807,56566,115368,1,0
4808,56566,115392,0,1
4809,56566,115416,0,1
4810,56566,115440,0,1
4811,56566,115464,0,1
4812,56566,115488,1,0
4813,56566,115512,1,0
4814,56566,115536,1,0
4815,56566,115560,1,0
4816,56566,115584,1,0
4817,56566,115608,0,1
4818,56566,115632,0,1
4819,56566,115656,1,0
4820,56566,115680,1,0
4821,56566,115704,1,0
4822,56566,115728,1,0
4823,56566,115752,1,0
4824,56566,115776,1,0
4825,56566,115800,1,0
4826,56566,115824,1,0
4827,56566,115848,1,0
4828,56566,115872,0,1
4829,56566,115896,0,1
4830,56566,115920,0,1
4831,56566,115944,0,1
4832,56566,115968,0,1
4833,56566,115992,0,1
4834,56566,116016,0,1
4835,56566,116040,0,1
4836,56566,116064,0,1
4837,56566,116088,0,1
4838,56566,116112,0,1
4839,56566,116136,0,1
4840,56566,116160,0,1
4841,56566,116184,0,1
4842,56566,116208,0,1
4843,56566,116232,0,1
4844,56566,116256,0,1
4845,56566,116280,0,1
4846,56566,116304,0,1
4847,56566,116328,0,1
4848,56566,116352,0,1
4849,56566,116376,0,1
4850,56566,116400,0,1
4851,56566,116424,0,1
4852,56566,116448,0,1
4853,56566,116472,0,1
4854,56566,116496,0,1
4855,56566,116520,0,1
4856,56566,116544,0,1
4857,56566,116568,0,1
4858,56566,116592,0,1
4859,56566,116616,0,1
4860,56566,116640,0,1
4861,56566,116664,0,1
4862,56566,116688,0,1
4863,56566,116712,0,1
4864,56566,116736,0,1
4865,56566,116760,0,1
4866,56566,116784,0,1
4867,56566,116808,0,1
4868,56566,116832,0,1
4869,56566,116856,0,1
4870,56566,116880,0,1
4871,56566,116904,0,1
4872,56566,116928,0,1
4873,56566,116952,0,1
4874,56566,116976,0,1
4875,56566,117000,0,1
4876,56566,117024,0,1
4877,56566,117048,0,1
4878,56566,117072,0,1
4879,56566,117096,0,1
4880,56566,117120,0,1
4881,56566,117144,0,1
4882,56566,117168,0,1
4883,56566,117192,0,1
4884,56566,117216,0,1
4885,56566,117240,0,1
4886,56566,117264,1,0
4887,56566,117288,1,0
4888,56566,117312,0,1
4889,56566,117336,0,1
4890,56566,117360,0,1
4891,56566,117384,0,1
4892,56566,117408,0,1
4893,56566,117432,0,1
4894,56566,117456,0,1
4895,56566,117480,0,1
4896,56566,117504,0,1
4897,56566,117528,0,1
4898,56566,117552,0,1
4899,56566,117576,0,1
4900,56566,117600,0,1
4901,56566,117624,0,1
4902,56566,117648,0,1
4903,56566,117672,0,1
4904,56566,117696,0,1
4905,56566,117720,0,1
4906,56566,117744,0,1
4907,56566,117768,0,1
4908,56566,117792,0,1
4909,56566,117816,0,1
4910,56566,117840,0,1
4911,56566,117864,0,1
4912,56566,117888,0,1
4913,56566,117912,0,1
4914,56566,117936,0,1
4915,56566,117960,0,1
4916,56566,117984,0,1
4917,56566,118008,0,1
4918,56566,118032,0,1
4919,56566,118056,0,1
4920,56566,118080,0,1
4921,56566,118104,0,1
4922,56566,118128,0,1
4923,56566,118152,0,1
4924,56566,118176,0,1
4925,56566,118200,0,1
4926,56566,118224,0,1
4927,56566,118248,0,1
4928,56566,118272,0,1
4929,56566,118296,0,1
4930,56566,118320,0,1
4931,56566,118344,0,1
4932,56566,118368,0,1
4933,56566,118392,0,1
4934,56566,118416,0,1
4935,56566,118440,0,1
4936,56566,118464,0,1
4937,56566,118488,0,1
4938,56566,118512,0,1
4939,56566,118536,0,1
4940,56566,118560,0,1
4941,56566,118584,0,1
4942,56566,118608,0,1
4943,56566,118632,0,1
4944,56566,118656,0,1
4945,56566,118680,0,1
4946,56566,118704,0,1
4947,56566,118728,0,1
4948,56566,118752,0,1
4949,56566,118776,0,1
4950,56566,118800,0,1
4951,56566,118824,0,1
4952,56566,118848,0,1
4953,56566,118872,0,1
4954,56566,118896,0,1
4955,56566,118920,0,1
4956,56566,118944,0,1
4957,56566,118968,0,1
4958,56566,118992,0,1
4959,56566,119016,0,1
4960,56566,119040,0,1
4961,56566,119064,0,1
4962,56566,119088,0,1
4963,56566,119112,0,1
4964,56566,119136,0,1
4965,56566,119160,0,1
4966,56566,119184,0,1
4967,56566,119208,0,1
4968,56566,119232,0,1
4969,56566,119256,0,1
4970,56566,119280,0,1
4971,56566,119304,0,1
4972,56566,119328,0,1
4973,56566,119352,0,1
4974,56566,119376,0,1
4975,56566,119400,0,1
4976,56566,119424,0,1
4977,56566,119448,0,1
4978,56566,119472,0,1
4979,56566,119496,0,1
4980,56566,119520,0,1
4981,56566,119544,0,1
4982,56566,119568,0,1
4983,56566,119592,0,1
4984,56566,119616,0,1
4985,56566,119640,0,1
4986,56566,119664,0,1
4987,56566,119688,0,1
4988,56566,119712,0,1
4989,56566,119736,0,1
4990,56566,119760,0,1
4991,56566,119784,0,1
4992,56566,119808,0,1
4993,56566,119832,0,1
4994,56566,119856,0,1
4995,56566,119880,0,1
4996,56566,119904,0,1
4997,56566,119928,0,1
4998,56566,119952,0,1
4999,56566,119976,0,1
5000,56566,120000,0,1
5001,56566,120024,0,1
5002,56566,120048,0,1
5003,56566,120072,0,1
5004,56566,120096,0,1
5005,56566,120120,0,1
5006,56566,120144,0,1
5007,56566,120168,0,1
5008,56566,120192,0,1
5009,56566,120216,0,1
5010,56566,120240,0,1
5011,56566,120264,0,1
5012,56566,120288,0,1
5013,56566,120312,0,1
5014,56566,120336,0,1
5015,56566,120360,0,1
5016,56566,120384,0,1
5017,56566,120408,0,1
5018,56566,120432,0,1
5019,56566,120456,0,1
5020,56566,120480,0,1
5021,56566,120504,0,1
5022,56566,120528,0,1
5023,56566,120552,0,1
5024,56566,120576,0,1
5025,56566,120600,0,1
5026,56566,120624,0,1
5027,56566,120648,0,1
5028,56566,120672,0,1
5029,56566,120696,0,1
5030,56566,120720,0,1
5031,56566,120744,0,1
5032,56566,120768,0,1
5033,56566,120792,0,1
5034,56566,120816,0,1
5035,56566,120840,0,1
5036,56566,120864,0,1
5037,56566,120888,0,1
5038,56566,120912,0,1
5039,56566,120936,0,1
5040,56566,120960,0,1
5041,56566,120984,0,1
5042,56566,121008,0,1
5043,56566,121032,0,1
5044,56566,121056,0,1
5045,56566,121080,0,1
5046,56566,121104,0,1
5047,56566,121128,0,1
5048,56566,121152,0,1
5049,56566,121176,0,1
5050,56566,121200,0,1
5051,56566,121224,0,1
5052,56566,121248,0,1
5053,56566,121272,0,1
5054,56566,121296,0,1
5055,56566,121320,0,1
5056,56566,121344,0,1
5057,56566,121368,0,1
5058,56566,121392,0,1
5059,56566,121416,0,1
5060,56566,121440,0,1
5061,56566,121464,0,1
5062,56566,121488,0,1
5063,56566,121512,0,1
5064,56566,121536,0,1
5065,56566,121560,0,1
5066,56566,121584,0,1
5067,56566,121608,0,1
5068,56566,121632,0,1
5069,56566,121656,0,1
5070,56566,121680,0,1
5071,56566,121704,0,1
5072,56566,121728,0,1
5073,56566,121752,0,1
5074,56566,121776,0,1
5075,56566,121800,0,1
5076,56566,121824,0,1
5077,56566,121848,0,1
5078,56566,121872,0,1
5079,56566,121896,0,1
5080,56566,121920,0,1
5081,56566,121944,0,1
5082,56566,121968,0,1
5083,56566,121992,0,1
5084,56566,122016,0,1
5085,56566,122040,0,1
5086,56566,122064,0,1
5087,56566,122088,0,1
5088,56566,122112,0,1
5089,56566,122136,0,1
5090,56566,122160,0,1
5091,56566,122184,0,1
5092,56566,122208,0,1
5093,56566,122232,0,1
5094,56566,122256,0,1
5095,56566,122280,0,1
5096,56566,122304,0,1
5097,56566,122328,0,1
5098,56566,122352,0,1
5099,56566,122376,0,1
5100,56566,122400,0,1
5101,56566,122424,0,1
5102,56566,122448,0,1
5103,56566,122472,0,1
5104,56566,122496,0,1
5105,56566,122520,0,1
5106,56566,122544,0,1
5107,56566,122568,0,1
5108,56566,122592,0,1
5109,56566,122616,0,1
5110,56566,122640,0,1
5111,56566,122664,0,1
5112,56566,122688,0,1
5113,56566,122712,0,1
5114,56566,122736,0,1
5115,56566,122760,0,1
5116,56566,122784,0,1
5117,56566,122808,0,1
5118,56566,122832,0,1
5119,56566,122856,0,1
5120,56566,122880,0,1
5121,56566,122904,0,1
5122,56566,122928,0,1
5123,56566,122952,0,1
5124,56566,122976,0,1
5125,56566,123000,0,1
5126,56566,123024,0,1
5127,56566,123048,0,1
5128,56566,123072,0,1
5129,56566,123096,0,1
5130,56566,123120,0,1
5131,56566,123144,0,1
5132,56566,123168,0,1
5133,56566,123192,0,1
5134,56566,123216,0,1
5135,56566,123240,0,1
5136,56566,123264,0,1
5137,56566,123288,0,1
5138,56566,123312,0,1
5139,56566,123336,0,1
5140,56566,123360,0,1
5141,56566,123384,0,1
5142,56566,123408,0,1
5143,56566,123432,0,1
5144,56566,123456,0,1
5145,56566,123480,0,1
5146,56566,123504,0,1
5147,56566,123528,0,1
5148,56566,123552,0,1
5149,56566,123576,0,1
5150,56566,123600,0,1
5151,56566,123624,0,1
5152,56566,123648,1,0
5153,56566,123672,0,1
5154,56566,123696,0,1
5155,56566,123720,0,1
5156,56566,123744,0,1
5157,56566,123768,0,1
5158,56566,123792,0,1
5159,56566,123816,0,1
5160,56566,123840,0,1
5161,56566,123864,0,1
5162,56566,123888,0,1
5163,56566,123912,0,1
5164,56566,123936,0,1
5165,56566,123960,0,1
5166,56566,123984,0,1
5167,56566,124008,0,1
5168,56566,124032,0,1
5169,56566,124056,0,1
5170,56566,124080,0,1
5171,56566,124104,0,1
5172,56566,124128,0,1
5173,56566,124152,0,1
5174,56566,124176,0,1
5175,56566,124200,0,1
5176,56566,124224,0,1
5177,56566,124248,0,1
5178,56566,124272,0,1
5179,56566,124296,0,1
5180,56566,124320,0,1
5181,56566,124344,0,1
5182,56566,124368,0,1
5183,56566,124392,0,1
5184,56566,124416,0,1
5185,56566,124440,0,1
5186,56566,124464,0,1
5187,56566,124488,0,1
5188,56566,124512,0,1
5189,56566,124536,0,1
5190,56566,124560,0,1
5191,56566,124584,0,1
5192,56566,124608,0,1
5193,56566,124632,0,1
5194,56566,124656,0,1
5195,56566,124680,0,1
5196,56566,124704,0,1
5197,56566,124728,0,1
5198,56566,124752,0,1
5199,56566,124776,0,1
5200,56566,124800,0,1
5201,56566,124824,0,1
5202,56566,124848,0,1
5203,56566,124872,0,1
5204,56566,124896,0,1
5205,56566,124920,0,1
5206,56566,124944,0,1
5207,56566,124968,0,1
5208,56566,124992,0,1
5209,56566,125016,0,1
5210,56566,125040,0,1
5211,56566,125064,0,1
5212,56566,125088,0,1
5213,56566,125112,0,1
5214,56566,125136,0,1
5215,56566,125160,0,1
5216,56566,125184,0,1
5217,56566,125208,0,1
5218,56566,125232,0,1
5219,56566,125256,0,1
5220,56566,125280,0,1
5221,56566,125304,0,1
5222,56566,125328,0,1
5223,56566,125352,0,1
5224,56566,125376,0,1
5225,56566,125400,0,1
5226,56566,125424,0,1
5227,56566,125448,0,1
5228,56566,125472,0,1
5229,56566,125496,0,1
5230,56566,125520,0,1
5231,56566,125544,0,1
5232,56566,125568,0,1
5233,56566,125592,0,1
5234,56566,125616,0,1
5235,56566,125640,0,1
5236,56566,125664,0,1
5237,56566,125688,0,1
5238,56566,125712,0,1
5239,56566,125736,0,1
5240,56566,125760,0,1
5241,56566,125784,0,1
5242,56566,125808,0,1
5243,56566,125832,0,1
5244,56566,125856,0,1
5245,56566,125880,0,1
5246,56566,125904,0,1
5247,56566,125928,0,1
5248,56566,125952,0,1
5249,56566,125976,0,1
5250,56566,126000,0,1
5251,56566,126024,0,1
5252,56566,126048,0,1
5253,56566,126072,0,1
5254,56566,126096,0,1
5255,56566,126120,0,1
5256,56566,126144,0,1
5257,56566,126168,0,1
5258,56566,126192,0,1
5259,56566,126216,0,1
5260,56566,126240,0,1
5261,56566,126264,0,1
5262,56566,126288,0,1
5263,56566,126312,0,1
5264,56566,126336,0,1
5265,56566,126360,0,1
5266,56566,126384,0,1
5267,56566,126408,0,1
5268,56566,126432,0,1
5269,56566,126456,0,1
5270,56566,126480,0,1
5271,56566,126504,0,1
5272,56566,126528,0,1
5273,56566,126552,0,1
5274,56566,126576,0,1
5275,56566,126600,0,1
5276,56566,126624,0,1
5277,56566,126648,0,1
5278,56566,126672,0,1
5279,56566,126696,0,1
5280,56566,126720,0,1
5281,56566,126744,0,1
5282,56566,126768,0,1
5283,56566,126792,0,1
5284,56566,126816,0,1
5285,56566,126840,0,1
5286,56566,126864,0,1
5287,56566,126888,0,1
5288,56566,126912,0,1
5289,56566,126936,0,1
5290,56566,126960,0,1
5291,56566,126984,0,1
5292,56566,127008,0,1
5293,56566,127032,0,1
5294,56566,127056,0,1
5295,56566,127080,0,1
5296,56566,127104,0,1
5297,56566,127128,0,1
5298,56566,127152,0,1
5299,56566,127176,0,1
5300,56566,127200,0,1
5301,56566,127224,1,0
5302,56566,127248,0,1
5303,56566,127272,0,1
5304,56566,127296,0,1
5305,56566,127320,0,1
5306,56566,127344,0,1
5307,56566,127368,0,1
5308,56566,127392,0,1
5309,56566,127416,0,1
5310,56566,127440,0,1
5311,56566,127464,0,1
5312,56566,127488,0,1
5313,56566,127512,0,1
5314,56566,127536,0,1
5315,56566,127560,0,1
5316,56566,127584,0,1
5317,56566,127608,0,1
5318,56566,127632,0,1
5319,56566,127656,0,1
5320,56566,127680,0,1
5321,56566,127704,0,1
5322,56566,127728,0,1
5323,56566,127752,0,1
5324,56566,127776,0,1
5325,56566,127800,0,1
5326,56566,127824,0,1
5327,56566,127848,0,1
5328,56566,127872,0,1
5329,56566,127896,0,1
5330,56566,127920,0,1
5331,56566,127944,0,1
5332,56566,127968,0,1
5333,56566,127992,0,1
5334,56566,128016,0,1
5335,56566,128040,0,1
5336,56566,128064,0,1
5337,56566,128088,0,1
5338,56566,128112,0,1
5339,56566,128136,0,1
5340,56566,128160,0,1
5341,56566,128184,0,1
5342,56566,128208,0,1
5343,56566,128232,0,1
5344,56566,128256,0,1
5345,56566,128280,0,1
5346,56566,128304,0,1
5347,56566,128328,0,1
5348,56566,128352,0,1
5349,56566,128376,0,1
5350,56566,128400,0,1
5351,56566,128424,0,1
5352,56566,128448,0,1
5353,56566,128472,0,1
5354,56566,128496,0,1
5355,56566,128520,0,1
5356,56566,128544,0,1
5357,56566,128568,0,1
5358,56566,128592,0,1
5359,56566,128616,0,1
5360,56566,128640,0,1
5361,56566,128664,1,0
5362,56566,128688,0,1
5363,56566,128712,0,1
5364,56566,128736,0,1
5365,56566,128760,0,1
5366,56566,128784,0,1
5367,56566,128808,0,1
5368,56566,128832,0,1
5369,56566,128856,0,1
5370,56566,128880,0,1
5371,56566,128904,0,1
5372,56566,128928,0,1
5373,56566,128952,0,1
5374,56566,128976,0,1
5375,56566,129000,0,1
5376,56566,129024,0,1
5377,56566,129048,0,1
5378,56566,129072,0,1
5379,56566,129096,0,1
5380,56566,129120,0,1
5381,56566,129144,0,1
5382,56566,129168,0,1
5383,56566,129192,0,1
5384,56566,129216,0,1
5385,56566,129240,0,1
5386,56566,129264,0,1
5387,56566,129288,0,1
5388,56566,129312,0,1
5389,56566,129336,0,1
5390,56566,129360,0,1
5391,56566,129384,0,1
5392,56566,129408,0,1
5393,56566,129432,0,1
5394,56566,129456,0,1
5395,56566,129480,0,1
5396,56566,129504,0,1
5397,56566,129528,0,1
5398,56566,129552,0,1
5399,56566,129576,0,1
5400,56566,129600,0,1
5401,56566,129624,0,1
5402,56566,129648,0,1
5403,56566,129672,0,1
5404,56566,129696,0,1
5405,56566,129720,0,1
5406,56566,129744,0,1
5407,56566,129768,0,1
5408,56566,129792,0,1
5409,56566,129816,0,1
5410,56566,129840,0,1
5411,56566,129864,0,1
5412,56566,129888,0,1
5413,56566,129912,0,1
5414,56566,129936,0,1
5415,56566,129960,0,1
5416,56566,129984,0,1
5417,56566,130008,0,1
5418,56566,130032,0,1
5419,56566,130056,0,1
5420,56566,130080,0,1
5421,56566,130104,0,1
5422,56566,130128,0,1
5423,56566,130152,0,1
5424,56566,130176,0,1
5425,56566,130200,0,1
5426,56566,130224,0,1
5427,56566,130248,0,1
5428,56566,130272,0,1
5429,56566,130296,0,1
5430,56566,130320,0,1
5431,56566,130344,0,1
5432,56566,130368,0,1
5433,56566,130392,0,1
5434,56566,130416,0,1
5435,56566,130440,0,1
5436,56566,130464,0,1
5437,56566,130488,0,1
5438,56566,130512,0,1
5439,56566,130536,0,1
5440,56566,130560,0,1
5441,56566,130584,0,1
5442,56566,130608,0,1
5443,56566,130632,0,1
5444,56566,130656,0,1
5445,56566,130680,0,1
5446,56566,130704,0,1
5447,56566,130728,0,1
5448,56566,130752,0,1
5449,56566,130776,0,1
5450,56566,130800,0,1
5451,56566,130824,0,1
5452,56566,130848,0,1
5453,56566,130872,0,1
5454,56566,130896,0,1
5455,56566,130920,0,1
5456,56566,130944,0,1
5457,56566,130968,0,1
5458,56566,130992,0,1
5459,56566,131016,0,1
5460,56566,131040,0,1
5461,56566,131064,0,1
5462,56566,131088,0,1
5463,56566,131112,0,1
5464,56566,131136,0,1
5465,56566,131160,0,1
5466,56566,131184,0,1
5467,56566,131208,0,1
5468,56566,131232,0,1
5469,56566,131256,0,1
5470,56566,131280,0,1
5471,56566,131304,0,1
5472,56566,131328,0,1
5473,56566,131352,0,1
5474,56566,131376,0,1
5475,56566,131400,0,1
5476,56566,131424,0,1
5477,56566,131448,0,1
5478,56566,131472,0,1
5479,56566,131496,0,1
5480,56566,131520,0,1
5481,56566,131544,0,1
5482,56566,131568,0,1
5483,56566,131592,0,1
5484,56566,131616,0,1
5485,56566,131640,0,1
5486,56566,131664,0,1
5487,56566,131688,0,1
5488,56566,131712,0,1
5489,56566,131736,0,1
5490,56566,131760,0,1
5491,56566,131784,0,1
5492,56566,131808,0,1
5493,56566,131832,0,1
5494,56566,131856,0,1
5495,56566,131880,0,1
5496,56566,131904,0,1
5497,56566,131928,0,1
5498,56566,131952,0,1
5499,56566,131976,0,1
5500,56566,132000,0,1
5501,56566,132024,0,1
5502,56566,132048,0,1
5503,56566,132072,0,1
5504,56566,132096,0,1
5505,56566,132120,0,1
5506,56566,132144,0,1
5507,56566,132168,0,1
5508,56566,132192,0,1
5509,56566,132216,0,1
5510,56566,132240,0,1
5511,56566,132264,0,1
5512,56566,132288,0,1
5513,56566,132312,0,1
5514,56566,132336,0,1
5515,56566,132360,0,1
5516,56566,132384,0,1
5517,56566,132408,0,1
5518,56566,132432,0,1
5519,56566,132456,0,1
5520,56566,132480,0,1
5521,56566,132504,0,1
5522,56566,132528,0,1
5523,56566,132552,0,1
5524,56566,132576,0,1
5525,56566,132600,0,1
5526,56566,132624,0,1
5527,56566,132648,0,1
5528,56566,132672,0,1
5529,56566,132696,0,1
5530,56566,132720,0,1
5531,56566,132744,0,1
5532,56566,132768,0,1
5533,56566,132792,0,1
5534,56566,132816,0,1
5535,56566,132840,0,1
5536,56566,132864,0,1
5537,56566,132888,0,1
5538,56566,132912,0,1
5539,56566,132936,0,1
5540,56566,132960,0,1
5541,56566,132984,0,1
5542,56566,133008,0,1
5543,56566,133032,0,1
5544,56566,133056,0,1
5545,56566,133080,0,1
5546,56566,133104,0,1
5547,56566,133128,0,1
5548,56566,133152,0,1
5549,56566,133176,0,1
5550,56566,133200,0,1
5551,56566,133224,0,1
5552,56566,133248,0,1
5553,56566,133272,0,1
5554,56566,133296,0,1
5555,56566,133320,0,1
5556,56566,133344,0,1
5557,56566,133368,0,1
5558,56566,133392,0,1
5559,56566,133416,0,1
5560,56566,133440,0,1
5561,56566,133464,0,1
5562,56566,133488,0,1
5563,56566,133512,0,1
5564,56566,133536,0,1
5565,56566,133560,0,1
5566,56566,133584,0,1
5567,56566,133608,0,1
5568,56566,133632,0,1
5569,56566,133656,0,1
5570,56566,133680,0,1
5571,56566,133704,0,1
5572,56566,133728,0,1
5573,56566,133752,0,1
5574,56566,133776,0,1
5575,56566,133800,0,1
5576,56566,133824,0,1
5577,56566,133848,0,1
5578,56566,133872,0,1
5579,56566,133896,0,1
5580,56566,133920,0,1
5581,56566,133944,0,1
5582,56566,133968,0,1
5583,56566,133992,0,1
5584,56566,134016,0,1
5585,56566,134040,0,1
5586,56566,134064,0,1
5587,56566,134088,0,1
5588,56566,134112,0,1
5589,56566,134136,0,1
5590,56566,134160,0,1
5591,56566,134184,0,1
5592,56566,134208,0,1
5593,56566,134232,0,1
5594,56566,134256,0,1
5595,56566,134280,0,1
5596,56566,134304,0,1
5597,56566,134328,0,1
5598,56566,134352,0,1
5599,56566,134376,0,1
5600,56566,134400,0,1
5601,56566,134424,0,1
5602,56566,134448,0,1
5603,56566,134472,0,1
5604,56566,134496,0,1
5605,56566,134520,0,1
5606,56566,134544,0,1
5607,56566,134568,0,1
5608,56566,134592,0,1
5609,56566,134616,0,1
5610,56566,134640,0,1
5611,56566,134664,0,1
5612,56566,134688,0,1
5613,56566,134712,0,1
5614,56566,134736,0,1
5615,56566,134760,0,1
5616,56566,134784,0,1
5617,56566,134808,0,1
5618,56566,134832,0,1
5619,56566,134856,1,0
5620,56566,134880,0,1
5621,56566,134904,0,1
5622,56566,134928,0,1
5623,56566,134952,0,1
5624,56566,134976,0,1
5625,56566,135000,0,1
5626,56566,135024,0,1
5627,56566,135048,0,1
5628,56566,135072,0,1
5629,56566,135096,0,1
5630,56566,135120,0,1
5631,56566,135144,0,1
5632,56566,135168,0,1
5633,56566,135192,0,1
5634,56566,135216,0,1
5635,56566,135240,0,1
5636,56566,135264,0,1
5637,56566,135288,0,1
5638,56566,135312,1,0
5639,56566,135336,1,0
5640,56566,135360,1,0
5641,56566,135384,1,0
5642,56566,135408,1,0
5643,56566,135432,1,0
5644,56566,135456,0,1
5645,56566,135480,0,1
5646,56566,135504,0,1
5647,56566,135528,1,0
5648,56566,135552,1,0
5649,56566,135576,0,1
5650,56566,135600,0,1
5651,56566,135624,0,1
5652,56566,135648,0,1
5653,56566,135672,0,1
5654,56566,135696,0,1
5655,56566,135720,0,1
5656,56566,135744,1,0
5657,56566,135768,1,0
5658,56566,135792,1,0
5659,56566,135816,1,0
5660,56566,135840,1,0
5661,56566,135864,1,0
5662,56566,135888,1,0
5663,56566,135912,1,0
5664,56566,135936,1,0
5665,56566,135960,1,0
5666,56566,135984,1,0
5667,56566,136008,1,0
5668,56566,136032,0,1
5669,56566,136056,0,1
5670,56566,136080,0,1
5671,56566,136104,0,1
5672,56566,136128,0,1
5673,56566,136152,0,1
5674,56566,136176,1,0
5675,56566,136200,1,0
5676,56566,136224,1,0
5677,56566,136248,0,1
5678,56566,136272,0,1
5679,56566,136296,0,1
5680,56566,136320,0,1
5681,56566,136344,0,1
5682,56566,136368,0,1
5683,56566,136392,0,1
5684,56566,136416,0,1
5685,56566,136440,0,1
5686,56566,136464,0,1
5687,56566,136488,0,1
5688,56566,136512,0,1
5689,56566,136536,0,1
5690,56566,136560,0,1
5691,56566,136584,0,1
5692,56566,136608,0,1
5693,56566,136632,0,1
5694,56566,136656,0,1
5695,56566,136680,0,1
5696,56566,136704,0,1
5697,56566,136728,0,1
5698,56566,136752,0,1
5699,56566,136776,0,1
5700,56566,136800,0,1
5701,56566,136824,0,1
5702,56566,136848,0,1
5703,56566,136872,0,1
5704,56566,136896,0,1
5705,56566,136920,0,1
5706,56566,136944,0,1
5707,56566,136968,1,0
5708,56566,136992,0,1
5709,56566,137016,0,1
5710,56566,137040,0,1
5711,56566,137064,0,1
5712,56566,137088,0,1
5713,56566,137112,0,1
5714,56566,137136,0,1
5715,56566,137160,0,1
5716,56566,137184,0,1
5717,56566,137208,0,1
5718,56566,137232,0,1
5719,56566,137256,0,1
5720,56566,137280,0,1
5721,56566,137304,0,1
5722,56566,137328,1,0
5723,56566,137352,1,0
5724,56566,137376,0,1
5725,56566,137400,0,1
5726,56566,137424,0,1
5727,56566,137448,0,1
5728,56566,137472,0,1
5729,56566,137496,0,1
5730,56566,137520,0,1
5731,56566,137544,0,1
5732,56566,137568,0,1
5733,56566,137592,0,1
5734,56566,137616,0,1
5735,56566,137640,0,1
5736,56566,137664,0,1
5737,56566,137688,0,1
5738,56566,137712,0,1
5739,56566,137736,0,1
5740,56566,137760,0,1
5741,56566,137784,0,1
5742,56566,137808,0,1
5743,56566,137832,0,1
5744,56566,137856,1,0
5745,56566,137880,1,0
5746,56566,137904,1,0
5747,56566,137928,0,1
5748,56566,137952,0,1
5749,56566,137976,0,1
5750,56566,138000,0,1
5751,56566,138024,0,1
5752,56566,138048,0,1
5753,56566,138072,0,1
5754,56566,138096,0,1
5755,56566,138120,1,0
5756,56566,138144,0,1
5757,56566,138168,0,1
5758,56566,138192,0,1
5759,56566,138216,0,1
5760,56566,138240,0,1
5761,56566,138264,0,1
5762,56566,138288,0,1
5763,56566,138312,0,1
5764,56566,138336,0,1
5765,56566,138360,0,1
5766,56566,138384,0,1
5767,56566,138408,0,1
5768,56566,138432,0,1
5769,56566,138456,0,1
5770,56566,138480,0,1
5771,56566,138504,0,1
5772,56566,138528,0,1
5773,56566,138552,0,1
5774,56566,138576,0,1
5775,56566,138600,0,1
5776,56566,138624,0,1
5777,56566,138648,0,1
5778,56566,138672,0,1
5779,56566,138696,0,1
5780,56566,138720,0,1
5781,56566,138744,0,1
5782,56566,138768,0,1
5783,56566,138792,0,1
5784,56566,138816,0,1
5785,56566,138840,0,1
5786,56566,138864,0,1
5787,56566,138888,0,1
5788,56566,138912,0,1
5789,56566,138936,0,1
5790,56566,138960,0,1
5791,56566,138984,0,1
5792,56566,139008,0,1
5793,56566,139032,0,1
5794,56566,139056,0,1
5795,56566,139080,0,1
5796,56566,139104,0,1
5797,56566,139128,0,1
5798,56566,139152,0,1
5799,56566,139176,0,1
5800,56566,139200,0,1
5801,56566,139224,0,1
5802,56566,139248,0,1
5803,56566,139272,0,1
5804,56566,139296,0,1
5805,56566,139320,0,1
5806,56566,139344,0,1
5807,56566,139368,0,1
5808,56566,139392,0,1
5809,56566,139416,0,1
5810,56566,139440,0,1
5811,56566,139464,0,1
5812,56566,139488,0,1
5813,56566,139512,0,1
5814,56566,139536,0,1
5815,56566,139560,0,1
5816,56566,139584,0,1
5817,56566,139608,0,1
5818,56566,139632,0,1
5819,56566,139656,0,1
5820,56566,139680,0,1
5821,56566,139704,0,1
5822,56566,139728,0,1
5823,56566,139752,0,1
5824,56566,139776,0,1
5825,56566,139800,0,1
5826,56566,139824,0,1
5827,56566,139848,0,1
5828,56566,139872,0,1
5829,56566,139896,0,1
5830,56566,139920,0,1
5831,56566,139944,0,1
5832,56566,139968,0,1
5833,56566,139992,0,1
5834,56566,140016,0,1
5835,56566,140040,0,1
5836,56566,140064,0,1
5837,56566,140088,0,1
5838,56566,140112,0,1
5839,56566,140136,0,1
5840,56566,140160,0,1
5841,56566,140184,0,1
5842,56566,140208,0,1
5843,56566,140232,0,1
5844,56566,140256,0,1
5845,56566,140280,0,1
5846,56566,140304,0,1
5847,56566,140328,0,1
5848,56566,140352,0,1
5849,56566,140376,0,1
5850,56566,140400,0,1
5851,56566,140424,0,1
5852,56566,140448,0,1
5853,56566,140472,0,1
5854,56566,140496,0,1
5855,56566,140520,0,1
5856,56566,140544,0,1
5857,56566,140568,0,1
5858,56566,140592,0,1
5859,56566,140616,0,1
5860,56566,140640,0,1
5861,56566,140664,0,1
5862,56566,140688,0,1
5863,56566,140712,0,1
5864,56566,140736,0,1
5865,56566,140760,0,1
5866,56566,140784,0,1
5867,56566,140808,0,1
5868,56566,140832,0,1
5869,56566,140856,0,1
5870,56566,140880,0,1
5871,56566,140904,0,1
5872,56566,140928,0,1
5873,56566,140952,0,1
5874,56566,140976,0,1
5875,56566,141000,0,1
5876,56566,141024,0,1
5877,56566,141048,0,1
5878,56566,141072,0,1
5879,56566,141096,0,1
5880,56566,141120,0,1
5881,56566,141144,0,1
5882,56566,141168,0,1
5883,56566,141192,0,1
5884,56566,141216,0,1
5885,56566,141240,0,1
5886,56566,141264,0,1
5887,56566,141288,0,1
5888,56566,141312,0,1
5889,56566,141336,0,1
5890,56566,141360,0,1
5891,56566,141384,0,1
5892,56566,141408,0,1
5893,56566,141432,0,1
5894,56566,141456,0,1
5895,56566,141480,0,1
5896,56566,141504,0,1
5897,56566,141528,0,1
5898,56566,141552,0,1
5899,56566,141576,0,1
5900,56566,141600,0,1
5901,56566,141624,0,1
5902,56566,141648,0,1
5903,56566,141672,0,1
5904,56566,141696,0,1
5905,56566,141720,0,1
5906,56566,141744,0,1
5907,56566,141768,0,1
5908,56566,141792,0,1
5909,56566,141816,0,1
5910,56566,141840,0,1
5911,56566,141864,0,1
5912,56566,141888,0,1
5913,56566,141912,0,1
5914,56566,141936,0,1
5915,56566,141960,0,1
5916,56566,141984,0,1
5917,56566,142008,0,1
5918,56566,142032,0,1
5919,56566,142056,0,1
5920,56566,142080,0,1
5921,56566,142104,0,1
5922,56566,142128,0,1
5923,56566,142152,0,1
5924,56566,142176,0,1
5925,56566,142200,0,1
5926,56566,142224,0,1
5927,56566,142248,0,1
5928,56566,142272,0,1
5929,56566,142296,0,1
5930,56566,142320,0,1
5931,56566,142344,0,1
5932,56566,142368,0,1
5933,56566,142392,0,1
5934,56566,142416,0,1
5935,56566,142440,0,1
5936,56566,142464,0,1
5937,56566,142488,0,1
5938,56566,142512,0,1
5939,56566,142536,0,1
5940,56566,142560,0,1
5941,56566,142584,0,1
5942,56566,142608,0,1
5943,56566,142632,0,1
5944,56566,142656,0,1
5945,56566,142680,0,1
5946,56566,142704,0,1
5947,56566,142728,0,1
5948,56566,142752,0,1
5949,56566,142776,0,1
5950,56566,142800,0,1
5951,56566,142824,0,1
5952,56566,142848,0,1
5953,56566,142872,0,1
5954,56566,142896,0,1
5955,56566,142920,0,1
5956,56566,142944,0,1
5957,56566,142968,0,1
5958,56566,142992,0,1
5959,56566,143016,0,1
5960,56566,143040,0,1
5961,56566,143064,0,1
5962,56566,143088,0,1
5963,56566,143112,0,1
5964,56566,143136,0,1
5965,56566,143160,0,1
5966,56566,143184,0,1
5967,56566,143208,0,1
5968,56566,143232,0,1
5969,56566,143256,0,1
5970,56566,143280,0,1
5971,56566,143304,0,1
5972,56566,143328,0,1
5973,56566,143352,0,1
5974,56566,143376,0,1
5975,56566,143400,0,1
5976,56566,143424,0,1
5977,56566,143448,0,1
5978,56566,143472,0,1
5979,56566,143496,0,1
5980,56566,143520,0,1
5981,56566,143544,0,1
5982,56566,143568,0,1
5983,56566,143592,0,1
5984,56566,143616,0,1
5985,56566,143640,0,1
5986,56566,143664,0,1
5987,56566,143688,0,1
5988,56566,143712,0,1
5989,56566,143736,0,1
5990,56566,143760,0,1
5991,56566,143784,0,1
5992,56566,143808,0,1
5993,56566,143832,0,1
5994,56566,143856,0,1
5995,56566,143880,0,1
5996,56566,143904,0,1
5997,56566,143928,0,1
5998,56566,143952,0,1
5999,56566,143976,0,1
6000,56566,144000,0,1
6001,56566,144024,0,1
6002,56566,144048,0,1
6003,56566,144072,0,1
6004,56566,144096,0,1
6005,56566,144120,0,1
6006,56566,144144,0,1
6007,56566,144168,0,1
6008,56566,144192,0,1
6009,56566,144216,0,1
6010,56566,144240,0,1
6011,56566,144264,0,1
6012,56566,144288,0,1
6013,56566,144312,0,1
6014,56566,144336,0,1
6015,56566,144360,0,1
6016,56566,144384,0,1
6017,56566,144408,0,1
6018,56566,144432,0,1
6019,56566,144456,0,1
6020,56566,144480,0,1
6021,56566,144504,0,1
6022,56566,144528,0,1
6023,56566,144552,0,1
6024,56566,144576,0,1
6025,56566,144600,0,1
6026,56566,144624,0,1
6027,56566,144648,0,1
6028,56566,144672,0,1
6029,56566,144696,0,1
6030,56566,144720,0,1
6031,56566,144744,0,1
6032,56566,144768,0,1
6033,56566,144792,0,1
6034,56566,144816,0,1
6035,56566,144840,0,1
6036,56566,144864,0,1
6037,56566,144888,0,1
6038,56566,144912,0,1
6039,56566,144936,0,1
6040,56566,144960,0,1
6041,56566,144984,0,1
6042,56566,145008,0,1
6043,56566,145032,0,1
6044,56566,145056,0,1
6045,56566,145080,0,1
6046,56566,145104,0,1
6047,56566,145128,0,1
6048,56566,145152,0,1
6049,56566,145176,0,1
6050,56566,145200,0,1
6051,56566,145224,0,1
6052,56566,145248,0,1
6053,56566,145272,0,1
6054,56566,145296,0,1
6055,56566,145320,0,1
6056,56566,145344,0,1
6057,56566,145368,0,1
6058,56566,145392,0,1
6059,56566,145416,0,1
6060,56566,145440,0,1
6061,56566,145464,0,1
6062,56566,145488,0,1
6063,56566,145512,0,1
6064,56566,145536,0,1
6065,56566,145560,0,1
6066,56566,145584,0,1
6067,56566,145608,0,1
6068,56566,145632,0,1
6069,56566,145656,0,1
6070,56566,145680,0,1
6071,56566,145704,0,1
6072,56566,145728,0,1
6073,56566,145752,0,1
6074,56566,145776,0,1
6075,56566,145800,0,1
6076,56566,145824,0,1
6077,56566,145848,0,1
6078,56566,145872,0,1
6079,56566,145896,0,1
6080,56566,145920,0,1
6081,56566,145944,0,1
6082,56566,145968,0,1
6083,56566,145992,0,1
6084,56566,146016,0,1
6085,56566,146040,0,1
6086,56566,146064,0,1
6087,56566,146088,0,1
6088,56566,146112,0,1
6089,56566,146136,0,1
6090,56566,146160,0,1
6091,56566,146184,0,1
6092,56566,146208,0,1
6093,56566,146232,0,1
6094,56566,146256,0,1
6095,56566,146280,0,1
6096,56566,146304,0,1
6097,56566,146328,0,1
6098,56566,146352,0,1
6099,56566,146376,0,1
6100,56566,146400,0,1
6101,56566,146424,0,1
6102,56566,146448,0,1
6103,56566,146472,0,1
6104,56566,146496,0,1
6105,56566,146520,0,1
6106,56566,146544,0,1
6107,56566,146568,1,0
6108,56566,146592,1,0
6109,56566,146616,1,0
6110,56566,146640,0,1
6111,56566,146664,0,1
6112,56566,146688,0,1
6113,56566,146712,0,1
6114,56566,146736,0,1
6115,56566,146760,0,1
6116,56566,146784,0,1
6117,56566,146808,0,1
6118,56566,146832,0,1
6119,56566,146856,0,1
6120,56566,146880,0,1
6121,56566,146904,0,1
6122,56566,146928,0,1
6123,56566,146952,0,1
6124,56566,146976,0,1
6125,56566,147000,0,1
6126,56566,147024,0,1
6127,56566,147048,0,1
6128,56566,147072,0,1
6129,56566,147096,0,1
6130,56566,147120,0,1
6131,56566,147144,0,1
6132,56566,147168,0,1
6133,56566,147192,0,1
6134,56566,147216,0,1
6135,56566,147240,0,1
6136,56566,147264,1,0
6137,56566,147288,1,0
6138,56566,147312,1,0
6139,56566,147336,1,0
6140,56566,147360,1,0
6141,56566,147384,1,0
6142,56566,147408,1,0
6143,56566,147432,0,1
6144,56566,147456,0,1
6145,56566,147480,0,1
6146,56566,147504,0,1
6147,56566,147528,0,1
6148,56566,147552,1,0
6149,56566,147576,1,0
6150,56566,147600,1,0
6151,56566,147624,0,1
6152,56566,147648,0,1
6153,56566,147672,0,1
6154,56566,147696,1,0
6155,56566,147720,1,0
6156,56566,147744,1,0
6157,56566,147768,1,0
6158,56566,147792,1,0
6159,56566,147816,1,0
6160,56566,147840,0,1
6161,56566,147864,0,1
6162,56566,147888,1,0
6163,56566,147912,1,0
6164,56566,147936,1,0
6165,56566,147960,0,1
6166,56566,147984,1,0
6167,56566,148008,0,1
6168,56566,148032,0,1
6169,56566,148056,1,0
6170,56566,148080,0,1
6171,56566,148104,0,1
6172,56566,148128,0,1
6173,56566,148152,1,0
6174,56566,148176,0,1
6175,56566,148200,0,1
6176,56566,148224,0,1
6177,56566,148248,0,1
6178,56566,148272,0,1
6179,56566,148296,0,1
6180,56566,148320,0,1
6181,56566,148344,0,1
6182,56566,148368,0,1
6183,56566,148392,0,1
6184,56566,148416,1,0
6185,56566,148440,1,0
6186,56566,148464,1,0
6187,56566,148488,1,0
6188,56566,148512,1,0
6189,56566,148536,1,0
6190,56566,148560,1,0
6191,56566,148584,1,0
6192,56566,148608,1,0
6193,56566,148632,0,1
6194,56566,148656,0,1
6195,56566,148680,0,1
6196,56566,148704,0,1
6197,56566,148728,0,1
6198,56566,148752,0,1
6199,56566,148776,0,1
6200,56566,148800,0,1
6201,56566,148824,0,1
6202,56566,148848,0,1
6203,56566,148872,0,1
6204,56566,148896,0,1
6205,56566,148920,0,1
6206,56566,148944,0,1
6207,56566,148968,0,1
6208,56566,148992,0,1
6209,56566,149016,0,1
6210,56566,149040,0,1
6211,56566,149064,0,1
6212,56566,149088,0,1
6213,56566,149112,0,1
6214,56566,149136,0,1
6215,56566,149160,0,1
6216,56566,149184,0,1
6217,56566,149208,0,1
6218,56566,149232,0,1
6219,56566,149256,0,1
6220,56566,149280,0,1
6221,56566,149304,0,1
6222,56566,149328,0,1
6223,56566,149352,0,1
6224,56566,149376,0,1
6225,56566,149400,0,1
6226,56566,149424,0,1
6227,56566,149448,0,1
6228,56566,149472,0,1
6229,56566,149496,0,1
6230,56566,149520,0,1
6231,56566,149544,0,1
6232,56566,149568,0,1
6233,56566,149592,0,1
6234,56566,149616,0,1
6235,56566,149640,0,1
6236,56566,149664,0,1
6237,56566,149688,0,1
6238,56566,149712,0,1
6239,56566,149736,0,1
6240,56566,149760,0,1
6241,56566,149784,0,1
6242,56566,149808,0,1
6243,56566,149832,0,1
6244,56566,149856,0,1
6245,56566,149880,0,1
6246,56566,149904,0,1
6247,56566,149928,0,1
6248,56566,149952,0,1
6249,56566,149976,0,1
6250,56566,150000,0,1
6251,56566,150024,0,1
6252,56566,150048,0,1
6253,56566,150072,0,1
6254,56566,150096,0,1
6255,56566,150120,0,1
6256,56566,150144,0,1
6257,56566,150168,0,1
6258,56566,150192,0,1
6259,56566,150216,0,1
6260,56566,150240,0,1
6261,56566,150264,0,1
6262,56566,150288,0,1
6263,56566,150312,0,1
6264,56566,150336,0,1
6265,56566,150360,0,1
6266,56566,150384,0,1
6267,56566,150408,0,1
6268,56566,150432,0,1
6269,56566,150456,0,1
6270,56566,150480,0,1
6271,56566,150504,0,1
6272,56566,150528,0,1
6273,56566,150552,0,1
6274,56566,150576,0,1
6275,56566,150600,0,1
6276,56566,150624,0,1
6277,56566,150648,0,1
6278,56566,150672,0,1
6279,56566,150696,0,1
6280,56566,150720,0,1
6281,56566,150744,0,1
6282,56566,150768,0,1
6283,56566,150792,0,1
6284,56566,150816,0,1
6285,56566,150840,0,1
6286,56566,150864,0,1
6287,56566,150888,0,1
6288,56566,150912,0,1
6289,56566,150936,0,1
6290,56566,150960,0,1
6291,56566,150984,0,1
6292,56566,151008,0,1
6293,56566,151032,0,1
6294,56566,151056,0,1
6295,56566,151080,0,1
6296,56566,151104,0,1
6297,56566,151128,0,1
6298,56566,151152,0,1
6299,56566,151176,0,1
6300,56566,151200,0,1
6301,56566,151224,0,1
6302,56566,151248,0,1
6303,56566,151272,0,1
6304,56566,151296,0,1
6305,56566,151320,0,1
6306,56566,151344,0,1
6307,56566,151368,0,1
6308,56566,151392,0,1
6309,56566,151416,0,1
6310,56566,151440,0,1
6311,56566,151464,0,1
6312,56566,151488,0,1
6313,56566,151512,0,1
6314,56566,151536,0,1
6315,56566,151560,0,1
6316,56566,151584,0,1
6317,56566,151608,0,1
6318,56566,151632,0,1
6319,56566,151656,0,1
6320,56566,151680,0,1
6321,56566,151704,0,1
6322,56566,151728,0,1
6323,56566,151752,0,1
6324,56566,151776,0,1
6325,56566,151800,0,1
6326,56566,151824,0,1
6327,56566,151848,0,1
6328,56566,151872,0,1
6329,56566,151896,0,1
6330,56566,151920,0,1
6331,56566,151944,0,1
6332,56566,151968,0,1
6333,56566,151992,0,1
6334,56566,152016,0,1
6335,56566,152040,0,1
6336,56566,152064,0,1
6337,56566,152088,0,1
6338,56566,152112,0,1
6339,56566,152136,0,1
6340,56566,152160,0,1
6341,56566,152184,0,1
6342,56566,152208,0,1
6343,56566,152232,0,1
6344,56566,152256,0,1
6345,56566,152280,0,1
6346,56566,152304,0,1
6347,56566,152328,0,1
6348,56566,152352,0,1
6349,56566,152376,0,1
6350,56566,152400,0,1
6351,56566,152424,0,1
6352,56566,152448,1,0
6353,56566,152472,0,1
6354,56566,152496,0,1
6355,56566,152520,0,1
6356,56566,152544,0,1
6357,56566,152568,0,1
6358,56566,152592,0,1
6359,56566,152616,1,0
6360,56566,152640,0,1
6361,56566,152664,0,1
6362,56566,152688,1,0
6363,56566,152712,0,1
6364,56566,152736,0,1
6365,56566,152760,0,1
6366,56566,152784,0,1
6367,56566,152808,0,1
6368,56566,152832,0,1
6369,56566,152856,0,1
6370,56566,152880,1,0
6371,56566,152904,1,0
6372,56566,152928,1,0
6373,56566,152952,1,0
6374,56566,152976,1,0
6375,56566,153000,1,0
6376,56566,153024,0,1
6377,56566,153048,0,1
6378,56566,153072,0,1
6379,56566,153096,0,1
6380,56566,153120,0,1
6381,56566,153144,0,1
6382,56566,153168,0,1
6383,56566,153192,0,1
6384,56566,153216,1,0
6385,56566,153240,0,1
6386,56566,153264,1,0
6387,56566,153288,1,0
6388,56566,153312,0,1
6389,56566,153336,0,1
6390,56566,153360,0,1
6391,56566,153384,1,0
6392,56566,153408,0,1
6393,56566,153432,0,1
6394,56566,153456,0,1
6395,56566,153480,1,0
6396,56566,153504,1,0
6397,56566,153528,1,0
6398,56566,153552,0,1
6399,56566,153576,1,0
6400,56566,153600,0,1
6401,56566,153624,0,1
6402,56566,153648,0,1
6403,56566,153672,0,1
6404,56566,153696,1,0
6405,56566,153720,1,0
6406,56566,153744,1,0
6407,56566,153768,1,0
6408,56566,153792,1,0
6409,56566,153816,1,0
6410,56566,153840,1,0
6411,56566,153864,1,0
6412,56566,153888,1,0
6413,56566,153912,1,0
6414,56566,153936,1,0
6415,56566,153960,1,0
6416,56566,153984,1,0
6417,56566,154008,1,0
6418,56566,154032,1,0
6419,56566,154056,1,0
6420,56566,154080,1,0
6421,56566,154104,1,0
6422,56566,154128,0,1
6423,56566,154152,1,0
6424,56566,154176,0,1
6425,56566,154200,0,1
6426,56566,154224,0,1
6427,56566,154248,0,1
6428,56566,154272,0,1
6429,56566,154296,1,0
6430,56566,154320,1,0
6431,56566,154344,1,0
6432,56566,154368,1,0
6433,56566,154392,0,1
6434,56566,154416,1,0
6435,56566,154440,1,0
6436,56566,154464,1,0
6437,56566,154488,1,0
6438,56566,154512,1,0
6439,56566,154536,1,0
6440,56566,154560,1,0
6441,56566,154584,0,1
6442,56566,154608,0,1
6443,56566,154632,0,1
6444,56566,154656,1,0
6445,56566,154680,1,0
6446,56566,154704,0,1
6447,56566,154728,0,1
6448,56566,154752,0,1
6449,56566,154776,0,1
6450,56566,154800,0,1
6451,56566,154824,1,0
6452,56566,154848,1,0
6453,56566,154872,0,1
6454,56566,154896,0,1
6455,56566,154920,0,1
6456,56566,154944,0,1
6457,56566,154968,1,0
6458,56566,154992,1,0
6459,56566,155016,0,1
6460,56566,155040,0,1
6461,56566,155064,0,1
6462,56566,155088,0,1
6463,56566,155112,0,1
6464,56566,155136,0,1
6465,56566,155160,0,1
6466,56566,155184,1,0
6467,56566,155208,1,0
6468,56566,155232,1,0
6469,56566,155256,1,0
6470,56566,155280,1,0
6471,56566,155304,1,0
6472,56566,155328,1,0
6473,56566,155352,1,0
6474,56566,155376,1,0
6475,56566,155400,0,1
6476,56566,155424,1,0
6477,56566,155448,0,1
6478,56566,155472,0,1
6479,56566,155496,1,0
6480,56566,155520,0,1
6481,56566,155544,1,0
6482,56566,155568,0,1
6483,56566,155592,0,1
6484,56566,155616,0,1
6485,56566,155640,0,1
6486,56566,155664,0,1
6487,56566,155688,0,1
6488,56566,155712,0,1
6489,56566,155736,0,1
6490,56566,155760,0,1
6491,56566,155784,0,1
6492,56566,155808,0,1
6493,56566,155832,0,1
6494,56566,155856,0,1
6495,56566,155880,0,1
6496,56566,155904,0,1
6497,56566,155928,0,1
6498,56566,155952,0,1
6499,56566,155976,0,1
6500,56566,156000,0,1
6501,56566,156024,0,1
6502,56566,156048,0,1
6503,56566,156072,0,1
6504,56566,156096,0,1
6505,56566,156120,0,1
6506,56566,156144,0,1
6507,56566,156168,0,1
6508,56566,156192,0,1
6509,56566,156216,0,1
6510,56566,156240,0,1
6511,56566,156264,0,1
6512,56566,156288,0,1
6513,56566,156312,0,1
6514,56566,156336,0,1
6515,56566,156360,0,1
6516,56566,156384,0,1
6517,56566,156408,0,1
6518,56566,156432,0,1
6519,56566,156456,0,1
6520,56566,156480,0,1
6521,56566,156504,0,1
6522,56566,156528,0,1
6523,56566,156552,0,1
6524,56566,156576,0,1
6525,56566,156600,0,1
6526,56566,156624,0,1
6527,56566,156648,0,1
6528,56566,156672,0,1
6529,56566,156696,0,1
6530,56566,156720,0,1
6531,56566,156744,0,1
6532,56566,156768,0,1
6533,56566,156792,0,1
6534,56566,156816,0,1
6535,56566,156840,0,1
6536,56566,156864,0,1
6537,56566,156888,0,1
6538,56566,156912,0,1
6539,56566,156936,0,1
6540,56566,156960,0,1
6541,56566,156984,0,1
6542,56566,157008,0,1
6543,56566,157032,0,1
6544,56566,157056,0,1
6545,56566,157080,0,1
6546,56566,157104,0,1
6547,56566,157128,0,1
6548,56566,157152,0,1
6549,56566,157176,0,1
6550,56566,157200,0,1
6551,56566,157224,0,1
6552,56566,157248,0,1
6553,56566,157272,0,1
6554,56566,157296,0,1
6555,56566,157320,0,1
6556,56566,157344,0,1
6557,56566,157368,0,1
6558,56566,157392,0,1
6559,56566,157416,0,1
6560,56566,157440,0,1
6561,56566,157464,0,1
6562,56566,157488,0,1
6563,56566,157512,0,1
6564,56566,157536,0,1
6565,56566,157560,0,1
6566,56566,157584,0,1
6567,56566,157608,0,1
6568,56566,157632,0,1
6569,56566,157656,0,1
6570,56566,157680,0,1
6571,56566,157704,0,1
6572,56566,157728,0,1
6573,56566,157752,0,1
6574,56566,157776,0,1
6575,56566,157800,0,1
6576,56566,157824,0,1
6577,56566,157848,0,1
6578,56566,157872,0,1
6579,56566,157896,0,1
6580,56566,157920,0,1
6581,56566,157944,0,1
6582,56566,157968,0,1
6583,56566,157992,0,1
6584,56566,158016,0,1
6585,56566,158040,0,1
6586,56566,158064,0,1
6587,56566,158088,0,1
6588,56566,158112,0,1
6589,56566,158136,0,1
6590,56566,158160,0,1
6591,56566,158184,0,1
6592,56566,158208,0,1
6593,56566,158232,0,1
6594,56566,158256,0,1
6595,56566,158280,0,1
6596,56566,158304,0,1
6597,56566,158328,0,1
6598,56566,158352,0,1
6599,56566,158376,0,1
6600,56566,158400,0,1
6601,56566,158424,0,1
6602,56566,158448,0,1
6603,56566,158472,0,1
6604,56566,158496,0,1
6605,56566,158520,0,1
6606,56566,158544,0,1
6607,56566,158568,0,1
6608,56566,158592,0,1
6609,56566,158616,0,1
6610,56566,158640,0,1
6611,56566,158664,0,1
6612,56566,158688,0,1
6613,56566,158712,0,1
6614,56566,158736,0,1
6615,56566,158760,0,1
6616,56566,158784,0,1
6617,56566,158808,0,1
6618,56566,158832,0,1
6619,56566,158856,0,1
6620,56566,158880,0,1
6621,56566,158904,0,1
6622,56566,158928,0,1
6623,56566,158952,0,1
6624,56566,158976,0,1
6625,56566,159000,0,1
6626,56566,159024,0,1
6627,56566,159048,0,1
6628,56566,159072,0,1
6629,56566,159096,0,1
6630,56566,159120,0,1
6631,56566,159144,0,1
6632,56566,159168,0,1
6633,56566,159192,0,1
6634,56566,159216,0,1
6635,56566,159240,0,1
6636,56566,159264,0,1
6637,56566,159288,0,1
6638,56566,159312,0,1
6639,56566,159336,0,1
6640,56566,159360,0,1
6641,56566,159384,0,1
6642,56566,159408,0,1
6643,56566,159432,0,1
6644,56566,159456,0,1
6645,56566,159480,0,1
6646,56566,159504,0,1
6647,56566,159528,0,1
6648,56566,159552,0,1
6649,56566,159576,0,1
6650,56566,159600,0,1
6651,56566,159624,0,1
6652,56566,159648,0,1
6653,56566,159672,0,1
6654,56566,159696,0,1
6655,56566,159720,0,1
6656,56566,159744,0,1
6657,56566,159768,0,1
6658,56566,159792,0,1
6659,56566,159816,0,1
6660,56566,159840,0,1
6661,56566,159864,0,1
6662,56566,159888,0,1
6663,56566,159912,0,1
6664,56566,159936,0,1
6665,56566,159960,0,1
6666,56566,159984,0,1
6667,56566,160008,0,1
6668,56566,160032,0,1
6669,56566,160056,0,1
6670,56566,160080,0,1
6671,56566,160104,0,1
6672,56566,160128,0,1
6673,56566,160152,0,1
6674,56566,160176,0,1
6675,56566,160200,0,1
6676,56566,160224,0,1
6677,56566,160248,0,1
6678,56566,160272,0,1
6679,56566,160296,0,1
6680,56566,160320,0,1
6681,56566,160344,0,1
6682,56566,160368,0,1
6683,56566,160392,0,1
6684,56566,160416,0,1
6685,56566,160440,0,1
6686,56566,160464,0,1
6687,56566,160488,0,1
6688,56566,160512,0,1
6689,56566,160536,0,1
6690,56566,160560,0,1
6691,56566,160584,0,1
6692,56566,160608,0,1
6693,56566,160632,0,1
6694,56566,160656,0,1
6695,56566,160680,0,1
6696,56566,160704,0,1
6697,56566,160728,0,1
6698,56566,160752,0,1
6699,56566,160776,0,1
6700,56566,160800,0,1
6701,56566,160824,0,1
6702,56566,160848,0,1
6703,56566,160872,0,1
6704,56566,160896,0,1
6705,56566,160920,0,1
6706,56566,160944,0,1
6707,56566,160968,0,1
6708,56566,160992,0,1
6709,56566,161016,0,1
6710,56566,161040,0,1
6711,56566,161064,0,1
6712,56566,161088,0,1
6713,56566,161112,0,1
6714,56566,161136,0,1
6715,56566,161160,0,1
6716,56566,161184,0,1
6717,56566,161208,0,1
6718,56566,161232,0,1
6719,56566,161256,0,1
6720,56566,161280,0,1
6721,56566,161304,0,1
6722,56566,161328,0,1
6723,56566,161352,0,1
6724,56566,161376,0,1
6725,56566,161400,0,1
6726,56566,161424,0,1
6727,56566,161448,0,1
6728,56566,161472,0,1
6729,56566,161496,0,1
6730,56566,161520,0,1
6731,56566,161544,0,1
6732,56566,161568,0,1
6733,56566,161592,0,1
6734,56566,161616,0,1
6735,56566,161640,0,1
6736,56566,161664,0,1
6737,56566,161688,0,1
6738,56566,161712,0,1
6739,56566,161736,0,1
6740,56566,161760,0,1
6741,56566,161784,0,1
6742,56566,161808,0,1
6743,56566,161832,0,1
6744,56566,161856,0,1
6745,56566,161880,0,1
6746,56566,161904,0,1
6747,56566,161928,0,1
6748,56566,161952,0,1
6749,56566,161976,0,1
6750,56566,162000,0,1
6751,56566,162024,0,1
6752,56566,162048,0,1
6753,56566,162072,0,1
6754,56566,162096,0,1
6755,56566,162120,0,1
6756,56566,162144,0,1
6757,56566,162168,0,1
6758,56566,162192,0,1
6759,56566,162216,0,1
6760,56566,162240,0,1
6761,56566,162264,0,1
6762,56566,162288,0,1
6763,56566,162312,0,1
6764,56566,162336,0,1
6765,56566,162360,0,1
6766,56566,162384,0,1
6767,56566,162408,0,1
6768,56566,162432,0,1
6769,56566,162456,0,1
6770,56566,162480,0,1
6771,56566,162504,0,1
6772,56566,162528,0,1
6773,56566,162552,0,1
6774,56566,162576,0,1
6775,56566,162600,0,1
6776,56566,162624,0,1
6777,56566,162648,0,1
6778,56566,162672,0,1
6779,56566,162696,0,1
6780,56566,162720,0,1
6781,56566,162744,0,1
6782,56566,162768,0,1
6783,56566,162792,1,0
6784,56566,162816,0,1
6785,56566,162840,1,0
6786,56566,162864,0,1
6787,56566,162888,0,1
6788,56566,162912,0,1
6789,56566,162936,0,1
6790,56566,162960,1,0
6791,56566,162984,1,0
6792,56566,163008,0,1
6793,56566,163032,0,1
6794,56566,163056,0,1
6795,56566,163080,0,1
6796,56566,163104,0,1
6797,56566,163128,1,0
6798,56566,163152,1,0
6799,56566,163176,0,1
6800,56566,163200,0,1
6801,56566,163224,1,0
6802,56566,163248,1,0
6803,56566,163272,1,0
6804,56566,163296,1,0
6805,56566,163320,0,1
6806,56566,163344,0,1
6807,56566,163368,0,1
6808,56566,163392,0,1
6809,56566,163416,0,1
6810,56566,163440,0,1
6811,56566,163464,0,1
6812,56566,163488,1,0
6813,56566,163512,1,0
6814,56566,163536,1,0
6815,56566,163560,1,0
6816,56566,163584,0,1
6817,56566,163608,0,1
6818,56566,163632,0,1
6819,56566,163656,0,1
6820,56566,163680,0,1
6821,56566,163704,0,1
6822,56566,163728,0,1
6823,56566,163752,0,1
6824,56566,163776,0,1
6825,56566,163800,0,1
6826,56566,163824,0,1
6827,56566,163848,0,1
6828,56566,163872,0,1
6829,56566,163896,0,1
6830,56566,163920,0,1
6831,56566,163944,0,1
6832,56566,163968,0,1
6833,56566,163992,0,1
6834,56566,164016,0,1
6835,56566,164040,0,1
6836,56566,164064,0,1
6837,56566,164088,0,1
6838,56566,164112,0,1
6839,56566,164136,0,1
6840,56566,164160,0,1
6841,56566,164184,0,1
6842,56566,164208,0,1
6843,56566,164232,0,1
6844,56566,164256,0,1
6845,56566,164280,0,1
6846,56566,164304,0,1
6847,56566,164328,0,1
6848,56566,164352,0,1
6849,56566,164376,0,1
6850,56566,164400,0,1
6851,56566,164424,0,1
6852,56566,164448,0,1
6853,56566,164472,0,1
6854,56566,164496,0,1
6855,56566,164520,0,1
6856,56566,164544,0,1
6857,56566,164568,0,1
6858,56566,164592,0,1
6859,56566,164616,0,1
6860,56566,164640,0,1
6861,56566,164664,0,1
6862,56566,164688,0,1
6863,56566,164712,0,1
6864,56566,164736,0,1
6865,56566,164760,0,1
6866,56566,164784,0,1
6867,56566,164808,0,1
6868,56566,164832,0,1
6869,56566,164856,0,1
6870,56566,164880,0,1
6871,56566,164904,0,1
6872,56566,164928,0,1
6873,56566,164952,0,1
6874,56566,164976,0,1
6875,56566,165000,0,1
6876,56566,165024,0,1
6877,56566,165048,0,1
6878,56566,165072,0,1
6879,56566,165096,0,1
6880,56566,165120,0,1
6881,56566,165144,0,1
6882,56566,165168,0,1
6883,56566,165192,0,1
6884,56566,165216,0,1
6885,56566,165240,0,1
6886,56566,165264,0,1
6887,56566,165288,0,1
6888,56566,165312,0,1
6889,56566,165336,0,1
6890,56566,165360,0,1
6891,56566,165384,0,1
6892,56566,165408,0,1
6893,56566,165432,0,1
6894,56566,165456,0,1
6895,56566,165480,0,1
6896,56566,165504,0,1
6897,56566,165528,0,1
6898,56566,165552,0,1
6899,56566,165576,0,1
6900,56566,165600,0,1
6901,56566,165624,0,1
6902,56566,165648,0,1
6903,56566,165672,0,1
6904,56566,165696,0,1
6905,56566,165720,0,1
6906,56566,165744,0,1
6907,56566,165768,0,1
6908,56566,165792,0,1
6909,56566,165816,0,1
6910,56566,165840,0,1
6911,56566,165864,0,1
6912,56566,165888,0,1
6913,56566,165912,0,1
6914,56566,165936,0,1
6915,56566,165960,0,1
6916,56566,165984,0,1
6917,56566,166008,0,1
6918,56566,166032,0,1
6919,56566,166056,0,1
6920,56566,166080,0,1
6921,56566,166104,0,1
6922,56566,166128,0,1
6923,56566,166152,0,1
6924,56566,166176,0,1
6925,56566,166200,0,1
6926,56566,166224,0,1
6927,56566,166248,0,1
6928,56566,166272,0,1
6929,56566,166296,0,1
6930,56566,166320,0,1
6931,56566,166344,0,1
6932,56566,166368,0,1
6933,56566,166392,0,1
6934,56566,166416,0,1
6935,56566,166440,0,1
6936,56566,166464,0,1
6937,56566,166488,0,1
6938,56566,166512,0,1
6939,56566,166536,0,1
6940,56566,166560,0,1
6941,56566,166584,0,1
6942,56566,166608,0,1
6943,56566,166632,0,1
6944,56566,166656,0,1
6945,56566,166680,0,1
6946,56566,166704,0,1
6947,56566,166728,0,1
6948,56566,166752,0,1
6949,56566,166776,0,1
6950,56566,166800,0,1
6951,56566,166824,0,1
6952,56566,166848,0,1
6953,56566,166872,0,1
6954,56566,166896,0,1
6955,56566,166920,0,1
6956,56566,166944,0,1
6957,56566,166968,0,1
6958,56566,166992,0,1
6959,56566,167016,0,1
6960,56566,167040,0,1
6961,56566,167064,0,1
6962,56566,167088,0,1
6963,56566,167112,0,1
6964,56566,167136,0,1
6965,56566,167160,0,1
6966,56566,167184,0,1
6967,56566,167208,0,1
6968,56566,167232,0,1
6969,56566,167256,0,1
6970,56566,167280,0,1
6971,56566,167304,0,1
6972,56566,167328,0,1
6973,56566,167352,0,1
6974,56566,167376,0,1
6975,56566,167400,0,1
6976,56566,167424,0,1
6977,56566,167448,0,1
6978,56566,167472,0,1
6979,56566,167496,0,1
6980,56566,167520,0,1
6981,56566,167544,0,1
6982,56566,167568,0,1
6983,56566,167592,0,1
6984,56566,167616,0,1
6985,56566,167640,0,1
6986,56566,167664,0,1
6987,56566,167688,0,1
6988,56566,167712,0,1
6989,56566,167736,0,1
6990,56566,167760,0,1
6991,56566,167784,0,1
6992,56566,167808,0,1
6993,56566,167832,0,1
6994,56566,167856,0,1
6995,56566,167880,0,1
6996,56566,167904,0,1
6997,56566,167928,0,1
6998,56566,167952,0,1
6999,56566,167976,0,1
7000,56566,168000,0,1
7001,56566,168024,0,1
7002,56566,168048,0,1
7003,56566,168072,0,1
7004,56566,168096,0,1
7005,56566,168120,0,1
7006,56566,168144,0,1
7007,56566,168168,0,1
7008,56566,168192,0,1
7009,56566,168216,0,1
7010,56566,168240,0,1
7011,56566,168264,0,1
7012,56566,168288,0,1
7013,56566,168312,0,1
7014,56566,168336,0,1
7015,56566,168360,0,1
7016,56566,168384,0,1
7017,56566,168408,0,1
7018,56566,168432,0,1
7019,56566,168456,0,1
7020,56566,168480,0,1
7021,56566,168504,0,1
7022,56566,168528,0,1
7023,56566,168552,0,1
7024,56566,168576,0,1
7025,56566,168600,0,1
7026,56566,168624,0,1
7027,56566,168648,0,1
7028,56566,168672,0,1
7029,56566,168696,0,1
7030,56566,168720,0,1
7031,56566,168744,0,1
7032,56566,168768,0,1
7033,56566,168792,0,1
7034,56566,168816,0,1
7035,56566,168840,0,1
7036,56566,168864,0,1
7037,56566,168888,0,1
7038,56566,168912,0,1
7039,56566,168936,0,1
7040,56566,168960,0,1
7041,56566,168984,0,1
7042,56566,169008,0,1
7043,56566,169032,0,1
7044,56566,169056,0,1
7045,56566,169080,0,1
7046,56566,169104,0,1
7047,56566,169128,0,1
7048,56566,169152,0,1
7049,56566,169176,0,1
7050,56566,169200,0,1
7051,56566,169224,0,1
7052,56566,169248,0,1
7053,56566,169272,0,1
7054,56566,169296,0,1
7055,56566,169320,0,1
7056,56566,169344,0,1
7057,56566,169368,0,1
7058,56566,169392,0,1
7059,56566,169416,0,1
7060,56566,169440,0,1
7061,56566,169464,0,1
7062,56566,169488,0,1
7063,56566,169512,0,1
7064,56566,169536,0,1
7065,56566,169560,0,1
7066,56566,169584,0,1
7067,56566,169608,0,1
7068,56566,169632,0,1
7069,56566,169656,0,1
7070,56566,169680,0,1
7071,56566,169704,0,1
7072,56566,169728,0,1
7073,56566,169752,0,1
7074,56566,169776,0,1
7075,56566,169800,0,1
7076,56566,169824,0,1
7077,56566,169848,0,1
7078,56566,169872,0,1
7079,56566,169896,0,1
7080,56566,169920,0,1
7081,56566,169944,0,1
7082,56566,169968,0,1
7083,56566,169992,0,1
7084,56566,170016,0,1
7085,56566,170040,0,1
7086,56566,170064,0,1
7087,56566,170088,0,1
7088,56566,170112,0,1
7089,56566,170136,0,1
7090,56566,170160,0,1
7091,56566,170184,0,1
7092,56566,170208,0,1
7093,56566,170232,0,1
7094,56566,170256,0,1
7095,56566,170280,0,1
7096,56566,170304,0,1
7097,56566,170328,0,1
7098,56566,170352,0,1
7099,56566,170376,0,1
7100,56566,170400,0,1
7101,56566,170424,0,1
7102,56566,170448,0,1
7103,56566,170472,0,1
7104,56566,170496,0,1
7105,56566,170520,0,1
7106,56566,170544,0,1
7107,56566,170568,0,1
7108,56566,170592,0,1
7109,56566,170616,0,1
7110,56566,170640,0,1
7111,56566,170664,0,1
7112,56566,170688,0,1
7113,56566,170712,0,1
7114,56566,170736,0,1
7115,56566,170760,0,1
7116,56566,170784,0,1
7117,56566,170808,0,1
7118,56566,170832,0,1
7119,56566,170856,0,1
7120,56566,170880,0,1
7121,56566,170904,0,1
7122,56566,170928,0,1
7123,56566,170952,0,1
7124,56566,170976,0,1
7125,56566,171000,0,1
7126,56566,171024,0,1
7127,56566,171048,0,1
7128,56566,171072,0,1
7129,56566,171096,0,1
7130,56566,171120,0,1
7131,56566,171144,0,1
7132,56566,171168,0,1
7133,56566,171192,0,1
7134,56566,171216,0,1
7135,56566,171240,0,1
7136,56566,171264,0,1
7137,56566,171288,0,1
7138,56566,171312,0,1
7139,56566,171336,0,1
7140,56566,171360,0,1
7141,56566,171384,0,1
7142,56566,171408,0,1
7143,56566,171432,0,1
7144,56566,171456,0,1
7145,56566,171480,0,1
7146,56566,171504,0,1
7147,56566,171528,0,1
7148,56566,171552,0,1
7149,56566,171576,0,1
7150,56566,171600,0,1
7151,56566,171624,0,1
7152,56566,171648,0,1
7153,56566,171672,0,1
7154,56566,171696,0,1
7155,56566,171720,0,1
7156,56566,171744,0,1
7157,56566,171768,0,1
7158,56566,171792,0,1
7159,56566,171816,1,0
7160,56566,171840,0,1
7161,56566,171864,0,1
7162,56566,171888,0,1
7163,56566,171912,0,1
7164,56566,171936,0,1
7165,56566,171960,0,1
7166,56566,171984,0,1
7167,56566,172008,0,1
7168,56566,172032,0,1
7169,56566,172056,0,1
7170,56566,172080,0,1
7171,56566,172104,0,1
7172,56566,172128,0,1
7173,56566,172152,0,1
7174,56566,172176,0,1
7175,56566,172200,0,1
7176,56566,172224,0,1
7177,56566,172248,0,1
7178,56566,172272,0,1
7179,56566,172296,0,1
7180,56566,172320,0,1
7181,56566,172344,0,1
7182,56566,172368,0,1
7183,56566,172392,0,1
7184,56566,172416,0,1
7185,56566,172440,0,1
7186,56566,172464,0,1
7187,56566,172488,0,1
7188,56566,172512,0,1
7189,56566,172536,0,1
7190,56566,172560,0,1
7191,56566,172584,0,1
7192,56566,172608,0,1
7193,56566,172632,0,1
7194,56566,172656,0,1
7195,56566,172680,0,1
7196,56566,172704,0,1
7197,56566,172728,0,1
7198,56566,172752,0,1
7199,56566,172776,0,1
7200,56566,172800,0,1
7201,56566,172824,0,1
7202,56566,172848,0,1
7203,56566,172872,0,1
7204,56566,172896,0,1
7205,56566,172920,0,1
7206,56566,172944,0,1
7207,56566,172968,0,1
7208,56566,172992,0,1
7209,56566,173016,0,1
7210,56566,173040,0,1
7211,56566,173064,0,1
7212,56566,173088,0,1
7213,56566,173112,0,1
7214,56566,173136,0,1
7215,56566,173160,0,1
7216,56566,173184,0,1
7217,56566,173208,0,1
7218,56566,173232,0,1
7219,56566,173256,0,1
7220,56566,173280,0,1
7221,56566,173304,0,1
7222,56566,173328,0,1
7223,56566,173352,0,1
7224,56566,173376,0,1
7225,56566,173400,0,1
7226,56566,173424,0,1
7227,56566,173448,0,1
7228,56566,173472,0,1
7229,56566,173496,0,1
7230,56566,173520,0,1
7231,56566,173544,0,1
7232,56566,173568,0,1
7233,56566,173592,0,1
7234,56566,173616,0,1
7235,56566,173640,0,1
7236,56566,173664,0,1
7237,56566,173688,0,1
7238,56566,173712,0,1
7239,56566,173736,0,1
7240,56566,173760,0,1
7241,56566,173784,0,1
7242,56566,173808,0,1
7243,56566,173832,0,1
7244,56566,173856,0,1
7245,56566,173880,0,1
7246,56566,173904,0,1
7247,56566,173928,0,1
7248,56566,173952,0,1
7249,56566,173976,0,1
7250,56566,174000,0,1
7251,56566,174024,0,1
7252,56566,174048,0,1
7253,56566,174072,0,1
7254,56566,174096,0,1
7255,56566,174120,0,1
7256,56566,174144,0,1
7257,56566,174168,0,1
7258,56566,174192,0,1
7259,56566,174216,0,1
7260,56566,174240,0,1
7261,56566,174264,0,1
7262,56566,174288,0,1
7263,56566,174312,0,1
7264,56566,174336,0,1
7265,56566,174360,0,1
7266,56566,174384,0,1
7267,56566,174408,0,1
7268,56566,174432,0,1
7269,56566,174456,0,1
7270,56566,174480,0,1
7271,56566,174504,0,1
7272,56566,174528,0,1
7273,56566,174552,0,1
7274,56566,174576,0,1
7275,56566,174600,0,1
7276,56566,174624,0,1
7277,56566,174648,0,1
7278,56566,174672,0,1
7279,56566,174696,0,1
7280,56566,174720,0,1
7281,56566,174744,0,1
7282,56566,174768,0,1
7283,56566,174792,0,1
7284,56566,174816,0,1
7285,56566,174840,0,1
7286,56566,174864,0,1
7287,56566,174888,0,1
7288,56566,174912,0,1
7289,56566,174936,0,1
7290,56566,174960,0,1
7291,56566,174984,0,1
7292,56566,175008,0,1
7293,56566,175032,0,1
7294,56566,175056,0,1
7295,56566,175080,0,1
7296,56566,175104,0,1
7297,56566,175128,0,1
7298,56566,175152,0,1
7299,56566,175176,0,1
7300,56566,175200,0,1
7301,56566,175224,0,1
7302,56566,175248,0,1
7303,56566,175272,0,1
7304,56566,175296,0,1
7305,56566,175320,0,1
7306,56566,175344,0,1
7307,56566,175368,0,1
7308,56566,175392,0,1
7309,56566,175416,0,1
7310,56566,175440,0,1
7311,56566,175464,0,1
7312,56566,175488,0,1
7313,56566,175512,0,1
7314,56566,175536,0,1
7315,56566,175560,0,1
7316,56566,175584,0,1
7317,56566,175608,0,1
7318,56566,175632,0,1
7319,56566,175656,0,1
7320,56566,175680,0,1
7321,56566,175704,0,1
7322,56566,175728,0,1
7323,56566,175752,0,1
7324,56566,175776,0,1
7325,56566,175800,0,1
7326,56566,175824,0,1
7327,56566,175848,0,1
7328,56566,175872,0,1
7329,56566,175896,0,1
7330,56566,175920,0,1
7331,56566,175944,0,1
7332,56566,175968,0,1
7333,56566,175992,0,1
7334,56566,176016,0,1
7335,56566,176040,0,1
7336,56566,176064,0,1
7337,56566,176088,0,1
7338,56566,176112,0,1
7339,56566,176136,0,1
7340,56566,176160,0,1
7341,56566,176184,0,1
7342,56566,176208,0,1
7343,56566,176232,0,1
7344,56566,176256,0,1
7345,56566,176280,0,1
7346,56566,176304,0,1
7347,56566,176328,0,1
7348,56566,176352,0,1
7349,56566,176376,0,1
7350,56566,176400,0,1
7351,56566,176424,0,1
7352,56566,176448,0,1
7353,56566,176472,0,1
7354,56566,176496,0,1
7355,56566,176520,0,1
7356,56566,176544,0,1
7357,56566,176568,0,1
7358,56566,176592,0,1
7359,56566,176616,0,1
7360,56566,176640,0,1
7361,56566,176664,0,1
7362,56566,176688,0,1
7363,56566,176712,0,1
7364,56566,176736,0,1
7365,56566,176760,0,1
7366,56566,176784,0,1
7367,56566,176808,0,1
7368,56566,176832,0,1
7369,56566,176856,0,1
7370,56566,176880,0,1
7371,56566,176904,0,1
7372,56566,176928,0,1
7373,56566,176952,0,1
7374,56566,176976,0,1
7375,56566,177000,0,1
7376,56566,177024,0,1
7377,56566,177048,0,1
7378,56566,177072,0,1
7379,56566,177096,0,1
7380,56566,177120,0,1
7381,56566,177144,0,1
7382,56566,177168,0,1
7383,56566,177192,0,1
7384,56566,177216,0,1
7385,56566,177240,0,1
7386,56566,177264,0,1
7387,56566,177288,0,1
7388,56566,177312,0,1
7389,56566,177336,0,1
7390,56566,177360,0,1
7391,56566,177384,0,1
7392,56566,177408,0,1
7393,56566,177432,0,1
7394,56566,177456,0,1
7395,56566,177480,0,1
7396,56566,177504,0,1
7397,56566,177528,0,1
7398,56566,177552,0,1
7399,56566,177576,0,1
7400,56566,177600,0,1
7401,56566,177624,0,1
7402,56566,177648,0,1
7403,56566,177672,1,0
7404,56566,177696,0,1
7405,56566,177720,0,1
7406,56566,177744,0,1
7407,56566,177768,0,1
7408,56566,177792,0,1
7409,56566,177816,0,1
7410,56566,177840,0,1
7411,56566,177864,0,1
7412,56566,177888,0,1
7413,56566,177912,0,1
7414,56566,177936,0,1
7415,56566,177960,0,1
7416,56566,177984,0,1
7417,56566,178008,0,1
7418,56566,178032,0,1
7419,56566,178056,0,1
7420,56566,178080,0,1
7421,56566,178104,0,1
7422,56566,178128,0,1
7423,56566,178152,0,1
7424,56566,178176,0,1
7425,56566,178200,0,1
7426,56566,178224,0,1
7427,56566,178248,0,1
7428,56566,178272,0,1
7429,56566,178296,0,1
7430,56566,178320,0,1
7431,56566,178344,0,1
7432,56566,178368,0,1
7433,56566,178392,0,1
7434,56566,178416,0,1
7435,56566,178440,0,1
7436,56566,178464,0,1
7437,56566,178488,0,1
7438,56566,178512,0,1
7439,56566,178536,0,1
7440,56566,178560,0,1
7441,56566,178584,0,1
7442,56566,178608,0,1
7443,56566,178632,0,1
7444,56566,178656,0,1
7445,56566,178680,0,1
7446,56566,178704,1,0
7447,56566,178728,0,1
7448,56566,178752,0,1
7449,56566,178776,0,1
7450,56566,178800,0,1
7451,56566,178824,0,1
7452,56566,178848,0,1
7453,56566,178872,0,1
7454,56566,178896,0,1
7455,56566,178920,0,1
7456,56566,178944,0,1
7457,56566,178968,0,1
7458,56566,178992,0,1
7459,56566,179016,0,1
7460,56566,179040,0,1
7461,56566,179064,0,1
7462,56566,179088,0,1
7463,56566,179112,0,1
7464,56566,179136,0,1
7465,56566,179160,0,1
7466,56566,179184,0,1
7467,56566,179208,0,1
7468,56566,179232,0,1
7469,56566,179256,0,1
7470,56566,179280,0,1
7471,56566,179304,0,1
7472,56566,179328,0,1
7473,56566,179352,0,1
7474,56566,179376,0,1
7475,56566,179400,0,1
7476,56566,179424,0,1
7477,56566,179448,0,1
7478,56566,179472,0,1
7479,56566,179496,0,1
7480,56566,179520,0,1
7481,56566,179544,0,1
7482,56566,179568,0,1
7483,56566,179592,0,1
7484,56566,179616,0,1
7485,56566,179640,0,1
7486,56566,179664,0,1
7487,56566,179688,0,1
7488,56566,179712,0,1
7489,56566,179736,0,1
7490,56566,179760,0,1
7491,56566,179784,0,1
7492,56566,179808,0,1
7493,56566,179832,0,1
7494,56566,179856,0,1
7495,56566,179880,0,1
7496,56566,179904,0,1
7497,56566,179928,0,1
7498,56566,179952,0,1
7499,56566,179976,0,1
7500,56566,180000,0,1
7501,56566,180024,0,1
7502,56566,180048,0,1
7503,56566,180072,0,1
7504,56566,180096,0,1
7505,56566,180120,0,1
7506,56566,180144,0,1
7507,56566,180168,0,1
7508,56566,180192,0,1
7509,56566,180216,0,1
7510,56566,180240,0,1
7511,56566,180264,0,1
7512,56566,180288,0,1
7513,56566,180312,0,1
7514,56566,180336,0,1
7515,56566,180360,0,1
7516,56566,180384,0,1
7517,56566,180408,0,1
7518,56566,180432,0,1
7519,56566,180456,0,1
7520,56566,180480,0,1
7521,56566,180504,0,1
7522,56566,180528,0,1
7523,56566,180552,0,1
7524,56566,180576,0,1
7525,56566,180600,0,1
7526,56566,180624,0,1
7527,56566,180648,0,1
7528,56566,180672,0,1
7529,56566,180696,0,1
7530,56566,180720,0,1
7531,56566,180744,0,1
7532,56566,180768,0,1
7533,56566,180792,0,1
7534,56566,180816,0,1
7535,56566,180840,0,1
7536,56566,180864,0,1
7537,56566,180888,0,1
7538,56566,180912,0,1
7539,56566,180936,0,1
7540,56566,180960,0,1
7541,56566,180984,0,1
7542,56566,181008,0,1
7543,56566,181032,0,1
7544,56566,181056,0,1
7545,56566,181080,0,1
7546,56566,181104,0,1
7547,56566,181128,0,1
7548,56566,181152,0,1
7549,56566,181176,0,1
7550,56566,181200,0,1
7551,56566,181224,0,1
7552,56566,181248,0,1
7553,56566,181272,0,1
7554,56566,181296,0,1
7555,56566,181320,0,1
7556,56566,181344,0,1
7557,56566,181368,0,1
7558,56566,181392,0,1
7559,56566,181416,0,1
7560,56566,181440,0,1
7561,56566,181464,0,1
7562,56566,181488,0,1
7563,56566,181512,1,0
7564,56566,181536,0,1
7565,56566,181560,1,0
7566,56566,181584,0,1
7567,56566,181608,0,1
7568,56566,181632,1,0
7569,56566,181656,0,1
7570,56566,181680,1,0
7571,56566,181704,0,1
7572,56566,181728,0,1
7573,56566,181752,1,0
7574,56566,181776,0,1
7575,56566,181800,0,1
7576,56566,181824,1,0
7577,56566,181848,0,1
7578,56566,181872,0,1
7579,56566,181896,1,0
7580,56566,181920,0,1
7581,56566,181944,0,1
7582,56566,181968,0,1
7583,56566,181992,0,1
7584,56566,182016,1,0
7585,56566,182040,1,0
7586,56566,182064,1,0
7587,56566,182088,1,0
7588,56566,182112,0,1
7589,56566,182136,0,1
7590,56566,182160,0,1
7591,56566,182184,0,1
7592,56566,182208,0,1
7593,56566,182232,0,1
7594,56566,182256,0,1
7595,56566,182280,1,0
7596,56566,182304,0,1
7597,56566,182328,0,1
7598,56566,182352,0,1
7599,56566,182376,0,1
7600,56566,182400,0,1
7601,56566,182424,0,1
7602,56566,182448,0,1
7603,56566,182472,0,1
7604,56566,182496,0,1
7605,56566,182520,1,0
7606,56566,182544,1,0
7607,56566,182568,1,0
7608,56566,182592,1,0
7609,56566,182616,1,0
7610,56566,182640,0,1
7611,56566,182664,0,1
7612,56566,182688,1,0
7613,56566,182712,1,0
7614,56566,182736,1,0
7615,56566,182760,1,0
7616,56566,182784,1,0
7617,56566,182808,1,0
7618,56566,182832,1,0
7619,56566,182856,1,0
7620,56566,182880,1,0
7621,56566,182904,1,0
7622,56566,182928,1,0
7623,56566,182952,1,0
7624,56566,182976,1,0
7625,56566,183000,1,0
7626,56566,183024,1,0
7627,56566,183048,1,0
7628,56566,183072,1,0
7629,56566,183096,1,0
7630,56566,183120,1,0
7631,56566,183144,1,0
7632,56566,183168,1,0
7633,56566,183192,1,0
7634,56566,183216,1,0
7635,56566,183240,1,0
7636,56566,183264,1,0
7637,56566,183288,1,0
7638,56566,183312,1,0
7639,56566,183336,1,0
7640,56566,183360,1,0
7641,56566,183384,1,0
7642,56566,183408,1,0
7643,56566,183432,1,0
7644,56566,183456,1,0
7645,56566,183480,1,0
7646,56566,183504,1,0
7647,56566,183528,1,0
7648,56566,183552,1,0
7649,56566,183576,1,0
7650,56566,183600,1,0
7651,56566,183624,1,0
7652,56566,183648,1,0
7653,56566,183672,1,0
7654,56566,183696,1,0
7655,56566,183720,0,1
7656,56566,183744,0,1
7657,56566,183768,0,1
7658,56566,183792,1,0
7659,56566,183816,1,0
7660,56566,183840,1,0
7661,56566,183864,1,0
7662,56566,183888,1,0
7663,56566,183912,1,0
7664,56566,183936,1,0
7665,56566,183960,1,0
7666,56566,183984,1,0
7667,56566,184008,1,0
7668,56566,184032,1,0
7669,56566,184056,1,0
7670,56566,184080,1,0
7671,56566,184104,1,0
7672,56566,184128,1,0
7673,56566,184152,1,0
7674,56566,184176,1,0
7675,56566,184200,1,0
7676,56566,184224,0,1
7677,56566,184248,1,0
7678,56566,184272,1,0
7679,56566,184296,1,0
7680,56566,184320,1,0
7681,56566,184344,1,0
7682,56566,184368,1,0
7683,56566,184392,1,0
7684,56566,184416,1,0
7685,56566,184440,1,0
7686,56566,184464,0,1
7687,56566,184488,1,0
7688,56566,184512,1,0
7689,56566,184536,1,0
7690,56566,184560,1,0
7691,56566,184584,0,1
7692,56566,184608,0,1
7693,56566,184632,0,1
7694,56566,184656,0,1
7695,56566,184680,0,1
7696,56566,184704,0,1
7697,56566,184728,0,1
7698,56566,184752,0,1
7699,56566,184776,0,1
7700,56566,184800,0,1
7701,56566,184824,0,1
7702,56566,184848,0,1
7703,56566,184872,0,1
7704,56566,184896,0,1
7705,56566,184920,0,1
7706,56566,184944,0,1
7707,56566,184968,0,1
7708,56566,184992,0,1
7709,56566,185016,0,1
7710,56566,185040,0,1
7711,56566,185064,0,1
7712,56566,185088,1,0
7713,56566,185112,1,0
7714,56566,185136,0,1
7715,56566,185160,0,1
7716,56566,185184,0,1
7717,56566,185208,1,0
7718,56566,185232,1,0
7719,56566,185256,0,1
7720,56566,185280,1,0
7721,56566,185304,0,1
7722,56566,185328,0,1
7723,56566,185352,1,0
7724,56566,185376,1,0
7725,56566,185400,1,0
7726,56566,185424,1,0
7727,56566,185448,1,0
7728,56566,185472,0,1
7729,56566,185496,0,1
7730,56566,185520,0,1
7731,56566,185544,1,0
7732,56566,185568,1,0
7733,56566,185592,1,0
7734,56566,185616,1,0
7735,56566,185640,1,0
7736,56566,185664,1,0
7737,56566,185688,1,0
7738,56566,185712,1,0
7739,56566,185736,1,0
7740,56566,185760,0,1
7741,56566,185784,0,1
7742,56566,185808,0,1
7743,56566,185832,0,1
7744,56566,185856,0,1
7745,56566,185880,0,1
7746,56566,185904,0,1
7747,56566,185928,0,1
7748,56566,185952,1,0
7749,56566,185976,1,0
7750,56566,186000,1,0
7751,56566,186024,0,1
7752,56566,186048,0,1
7753,56566,186072,0,1
7754,56566,186096,0,1
7755,56566,186120,0,1
7756,56566,186144,0,1
7757,56566,186168,0,1
7758,56566,186192,0,1
7759,56566,186216,0,1
7760,56566,186240,0,1
7761,56566,186264,0,1
7762,56566,186288,0,1
7763,56566,186312,0,1
7764,56566,186336,0,1
7765,56566,186360,0,1
7766,56566,186384,0,1
7767,56566,186408,0,1
7768,56566,186432,0,1
7769,56566,186456,0,1
7770,56566,186480,0,1
7771,56566,186504,0,1
7772,56566,186528,0,1
7773,56566,186552,0,1
7774,56566,186576,0,1
7775,56566,186600,0,1
7776,56566,186624,0,1
7777,56566,186648,1,0
7778,56566,186672,1,0
7779,56566,186696,1,0
7780,56566,186720,1,0
7781,56566,186744,1,0
7782,56566,186768,1,0
7783,56566,186792,1,0
7784,56566,186816,1,0
7785,56566,186840,1,0
7786,56566,186864,1,0
7787,56566,186888,0,1
7788,56566,186912,0,1
7789,56566,186936,1,0
7790,56566,186960,1,0
7791,56566,186984,1,0
7792,56566,187008,1,0
7793,56566,187032,1,0
7794,56566,187056,0,1
7795,56566,187080,1,0
7796,56566,187104,1,0
7797,56566,187128,1,0
7798,56566,187152,0,1
7799,56566,187176,0,1
7800,56566,187200,0,1
7801,56566,187224,0,1
7802,56566,187248,0,1
7803,56566,187272,0,1
7804,56566,187296,0,1
7805,56566,187320,0,1
7806,56566,187344,0,1
7807,56566,187368,0,1
7808,56566,187392,0,1
7809,56566,187416,0,1
7810,56566,187440,0,1
7811,56566,187464,0,1
7812,56566,187488,0,1
7813,56566,187512,1,0
7814,56566,187536,1,0
7815,56566,187560,1,0
7816,56566,187584,0,1
7817,56566,187608,1,0
7818,56566,187632,1,0
7819,56566,187656,1,0
7820,56566,187680,1,0
7821,56566,187704,1,0
7822,56566,187728,1,0
7823,56566,187752,1,0
7824,56566,187776,1,0
7825,56566,187800,1,0
7826,56566,187824,1,0
7827,56566,187848,0,1
7828,56566,187872,1,0
7829,56566,187896,0,1
7830,56566,187920,0,1
7831,56566,187944,0,1
7832,56566,187968,0,1
7833,56566,187992,1,0
7834,56566,188016,1,0
7835,56566,188040,0,1
7836,56566,188064,0,1
7837,56566,188088,1,0
7838,56566,188112,0,1
7839,56566,188136,0,1
7840,56566,188160,0,1
7841,56566,188184,0,1
7842,56566,188208,0,1
7843,56566,188232,0,1
7844,56566,188256,0,1
7845,56566,188280,0,1
7846,56566,188304,0,1
7847,56566,188328,0,1
7848,56566,188352,0,1
7849,56566,188376,0,1
7850,56566,188400,0,1
7851,56566,188424,0,1
7852,56566,188448,0,1
7853,56566,188472,0,1
7854,56566,188496,0,1
7855,56566,188520,0,1
7856,56566,188544,0,1
7857,56566,188568,0,1
7858,56566,188592,0,1
7859,56566,188616,0,1
7860,56566,188640,0,1
7861,56566,188664,0,1
7862,56566,188688,0,1
7863,56566,188712,1,0
7864,56566,188736,0,1
7865,56566,188760,0,1
7866,56566,188784,1,0
7867,56566,188808,1,0
7868,56566,188832,1,0
7869,56566,188856,1,0
7870,56566,188880,0,1
7871,56566,188904,0,1
7872,56566,188928,0,1
7873,56566,188952,0,1
7874,56566,188976,0,1
7875,56566,189000,0,1
7876,56566,189024,0,1
7877,56566,189048,0,1
7878,56566,189072,0,1
7879,56566,189096,0,1
7880,56566,189120,0,1
7881,56566,189144,0,1
7882,56566,189168,0,1
7883,56566,189192,0,1
7884,56566,189216,0,1
7885,56566,189240,0,1
7886,56566,189264,0,1
7887,56566,189288,0,1
7888,56566,189312,0,1
7889,56566,189336,0,1
7890,56566,189360,0,1
7891,56566,189384,0,1
7892,56566,189408,0,1
7893,56566,189432,0,1
7894,56566,189456,0,1
7895,56566,189480,0,1
7896,56566,189504,0,1
7897,56566,189528,0,1
7898,56566,189552,0,1
7899,56566,189576,0,1
7900,56566,189600,0,1
7901,56566,189624,0,1
7902,56566,189648,0,1
7903,56566,189672,0,1
7904,56566,189696,0,1
7905,56566,189720,0,1
7906,56566,189744,0,1
7907,56566,189768,0,1
7908,56566,189792,0,1
7909,56566,189816,0,1
7910,56566,189840,0,1
7911,56566,189864,0,1
7912,56566,189888,0,1
7913,56566,189912,0,1
7914,56566,189936,0,1
7915,56566,189960,0,1
7916,56566,189984,0,1
7917,56566,190008,0,1
7918,56566,190032,0,1
7919,56566,190056,0,1
7920,56566,190080,1,0
7921,56566,190104,0,1
7922,56566,190128,0,1
7923,56566,190152,0,1
7924,56566,190176,0,1
7925,56566,190200,0,1
7926,56566,190224,0,1
7927,56566,190248,0,1
7928,56566,190272,0,1
7929,56566,190296,0,1
7930,56566,190320,0,1
7931,56566,190344,0,1
7932,56566,190368,0,1
7933,56566,190392,0,1
7934,56566,190416,0,1
7935,56566,190440,0,1
7936,56566,190464,0,1
7937,56566,190488,0,1
7938,56566,190512,0,1
7939,56566,190536,0,1
7940,56566,190560,0,1
7941,56566,190584,0,1
7942,56566,190608,0,1
7943,56566,190632,0,1
7944,56566,190656,0,1
7945,56566,190680,0,1
7946,56566,190704,0,1
7947,56566,190728,0,1
7948,56566,190752,0,1
7949,56566,190776,0,1
7950,56566,190800,0,1
7951,56566,190824,0,1
7952,56566,190848,0,1
7953,56566,190872,0,1
7954,56566,190896,0,1
7955,56566,190920,0,1
7956,56566,190944,0,1
7957,56566,190968,0,1
7958,56566,190992,0,1
7959,56566,191016,0,1
7960,56566,191040,0,1
7961,56566,191064,0,1
7962,56566,191088,0,1
7963,56566,191112,0,1
7964,56566,191136,0,1
7965,56566,191160,0,1
7966,56566,191184,0,1
7967,56566,191208,0,1
7968,56566,191232,0,1
7969,56566,191256,0,1
7970,56566,191280,0,1
7971,56566,191304,0,1
7972,56566,191328,1,0
7973,56566,191352,1,0
7974,56566,191376,1,0
7975,56566,191400,1,0
7976,56566,191424,0,1
7977,56566,191448,1,0
7978,56566,191472,1,0
7979,56566,191496,0,1
7980,56566,191520,0,1
7981,56566,191544,0,1
7982,56566,191568,1,0
7983,56566,191592,1,0
7984,56566,191616,1,0
7985,56566,191640,0,1
7986,56566,191664,1,0
7987,56566,191688,1,0
7988,56566,191712,1,0
7989,56566,191736,1,0
7990,56566,191760,1,0
7991,56566,191784,1,0
7992,56566,191808,1,0
7993,56566,191832,1,0
7994,56566,191856,1,0
7995,56566,191880,1,0
7996,56566,191904,1,0
7997,56566,191928,1,0
7998,56566,191952,1,0
7999,56566,191976,1,0
8000,56566,192000,1,0
8001,56566,192024,1,0
8002,56566,192048,1,0
8003,56566,192072,0,1
8004,56566,192096,0,1
8005,56566,192120,0,1
8006,56566,192144,0,1
8007,56566,192168,0,1
8008,56566,192192,0,1
8009,56566,192216,0,1
8010,56566,192240,0,1
8011,56566,192264,0,1
8012,56566,192288,0,1
8013,56566,192312,0,1
8014,56566,192336,0,1
8015,56566,192360,0,1
8016,56566,192384,0,1
8017,56566,192408,0,1
8018,56566,192432,0,1
8019,56566,192456,0,1
8020,56566,192480,0,1
8021,56566,192504,0,1
8022,56566,192528,0,1
8023,56566,192552,0,1
8024,56566,192576,0,1
8025,56566,192600,0,1
8026,56566,192624,0,1
8027,56566,192648,0,1
8028,56566,192672,0,1
8029,56566,192696,0,1
8030,56566,192720,0,1
8031,56566,192744,1,0
8032,56566,192768,1,0
8033,56566,192792,1,0
8034,56566,192816,1,0
8035,56566,192840,1,0
8036,56566,192864,1,0
8037,56566,192888,1,0
8038,56566,192912,1,0
8039,56566,192936,1,0
8040,56566,192960,1,0
8041,56566,192984,1,0
8042,56566,193008,1,0
8043,56566,193032,0,1
8044,56566,193056,0,1
8045,56566,193080,0,1
8046,56566,193104,0,1
8047,56566,193128,0,1
8048,56566,193152,0,1
8049,56566,193176,0,1
8050,56566,193200,0,1
8051,56566,193224,0,1
8052,56566,193248,0,1
8053,56566,193272,0,1
8054,56566,193296,0,1
8055,56566,193320,0,1
8056,56566,193344,0,1
8057,56566,193368,0,1
8058,56566,193392,0,1
8059,56566,193416,1,0
8060,56566,193440,1,0
8061,56566,193464,1,0
8062,56566,193488,1,0
8063,56566,193512,1,0
8064,56566,193536,1,0
8065,56566,193560,1,0
8066,56566,193584,0,1
8067,56566,193608,0,1
8068,56566,193632,0,1
8069,56566,193656,0,1
8070,56566,193680,0,1
8071,56566,193704,0,1
8072,56566,193728,0,1
8073,56566,193752,1,0
8074,56566,193776,1,0
8075,56566,193800,1,0
8076,56566,193824,1,0
8077,56566,193848,1,0
8078,56566,193872,0,1
8079,56566,193896,0,1
8080,56566,193920,0,1
8081,56566,193944,0,1
8082,56566,193968,0,1
8083,56566,193992,0,1
8084,56566,194016,0,1
8085,56566,194040,0,1
8086,56566,194064,0,1
8087,56566,194088,0,1
8088,56566,194112,0,1
8089,56566,194136,0,1
8090,56566,194160,0,1
8091,56566,194184,0,1
8092,56566,194208,0,1
8093,56566,194232,0,1
8094,56566,194256,0,1
8095,56566,194280,0,1
8096,56566,194304,0,1
8097,56566,194328,0,1
8098,56566,194352,0,1
8099,56566,194376,0,1
8100,56566,194400,0,1
8101,56566,194424,1,0
8102,56566,194448,1,0
8103,56566,194472,0,1
8104,56566,194496,0,1
8105,56566,194520,0,1
8106,56566,194544,0,1
8107,56566,194568,0,1
8108,56566,194592,0,1
8109,56566,194616,0,1
8110,56566,194640,0,1
8111,56566,194664,0,1
8112,56566,194688,0,1
8113,56566,194712,0,1
8114,56566,194736,0,1
8115,56566,194760,0,1
8116,56566,194784,0,1
8117,56566,194808,0,1
8118,56566,194832,0,1
8119,56566,194856,0,1
8120,56566,194880,0,1
8121,56566,194904,0,1
8122,56566,194928,0,1
8123,56566,194952,0,1
8124,56566,194976,0,1
8125,56566,195000,0,1
8126,56566,195024,0,1
8127,56566,195048,0,1
8128,56566,195072,0,1
8129,56566,195096,0,1
8130,56566,195120,0,1
8131,56566,195144,0,1
8132,56566,195168,0,1
8133,56566,195192,0,1
8134,56566,195216,0,1
8135,56566,195240,0,1
8136,56566,195264,0,1
8137,56566,195288,0,1
8138,56566,195312,0,1
8139,56566,195336,0,1
8140,56566,195360,0,1
8141,56566,195384,1,0
8142,56566,195408,1,0
8143,56566,195432,0,1
8144,56566,195456,0,1
8145,56566,195480,0,1
8146,56566,195504,1,0
8147,56566,195528,1,0
8148,56566,195552,1,0
8149,56566,195576,1,0
8150,56566,195600,0,1
8151,56566,195624,0,1
8152,56566,195648,0,1
8153,56566,195672,0,1
8154,56566,195696,0,1
8155,56566,195720,0,1
8156,56566,195744,1,0
8157,56566,195768,1,0
8158,56566,195792,1,0
8159,56566,195816,1,0
8160,56566,195840,1,0
8161,56566,195864,1,0
8162,56566,195888,1,0
8163,56566,195912,0,1
8164,56566,195936,0,1
8165,56566,195960,0,1
8166,56566,195984,0,1
8167,56566,196008,0,1
8168,56566,196032,0,1
8169,56566,196056,0,1
8170,56566,196080,0,1
8171,56566,196104,0,1
8172,56566,196128,0,1
8173,56566,196152,0,1
8174,56566,196176,0,1
8175,56566,196200,0,1
8176,56566,196224,0,1
8177,56566,196248,0,1
8178,56566,196272,0,1
8179,56566,196296,0,1
8180,56566,196320,0,1
8181,56566,196344,0,1
8182,56566,196368,0,1
8183,56566,196392,0,1
8184,56566,196416,0,1
8185,56566,196440,0,1
8186,56566,196464,0,1
8187,56566,196488,0,1
8188,56566,196512,0,1
8189,56566,196536,0,1
8190,56566,196560,0,1
8191,56566,196584,0,1
8192,56566,196608,0,1
8193,56566,196632,0,1
8194,56566,196656,0,1
8195,56566,196680,0,1
8196,56566,196704,0,1
8197,56566,196728,0,1
8198,56566,196752,0,1
8199,56566,196776,0,1
8200,56566,196800,0,1
8201,56566,196824,0,1
8202,56566,196848,0,1
8203,56566,196872,0,1
8204,56566,196896,0,1
8205,56566,196920,0,1
8206,56566,196944,0,1
8207,56566,196968,0,1
8208,56566,196992,0,1
8209,56566,197016,0,1
8210,56566,197040,0,1
8211,56566,197064,0,1
8212,56566,197088,0,1
8213,56566,197112,0,1
8214,56566,197136,0,1
8215,56566,197160,0,1
8216,56566,197184,0,1
8217,56566,197208,0,1
8218,56566,197232,0,1
8219,56566,197256,0,1
8220,56566,197280,0,1
8221,56566,197304,0,1
8222,56566,197328,0,1
8223,56566,197352,0,1
8224,56566,197376,0,1
8225,56566,197400,0,1
8226,56566,197424,0,1
8227,56566,197448,0,1
8228,56566,197472,0,1
8229,56566,197496,0,1
8230,56566,197520,0,1
8231,56566,197544,0,1
8232,56566,197568,0,1
8233,56566,197592,0,1
8234,56566,197616,0,1
8235,56566,197640,0,1
8236,56566,197664,1,0
8237,56566,197688,1,0
8238,56566,197712,1,0
8239,56566,197736,1,0
8240,56566,197760,1,0
8241,56566,197784,1,0
8242,56566,197808,1,0
8243,56566,197832,1,0
8244,56566,197856,1,0
8245,56566,197880,1,0
8246,56566,197904,1,0
8247,56566,197928,1,0
8248,56566,197952,1,0
8249,56566,197976,1,0
8250,56566,198000,1,0
8251,56566,198024,1,0
8252,56566,198048,1,0
8253,56566,198072,1,0
8254,56566,198096,1,0
8255,56566,198120,0,1
8256,56566,198144,0,1
8257,56566,198168,0,1
8258,56566,198192,0,1
8259,56566,198216,0,1
8260,56566,198240,0,1
8261,56566,198264,0,1
8262,56566,198288,0,1
8263,56566,198312,0,1
8264,56566,198336,0,1
8265,56566,198360,0,1
8266,56566,198384,0,1
8267,56566,198408,0,1
8268,56566,198432,0,1
8269,56566,198456,0,1
8270,56566,198480,0,1
8271,56566,198504,0,1
8272,56566,198528,0,1
8273,56566,198552,0,1
8274,56566,198576,0,1
8275,56566,198600,0,1
8276,56566,198624,0,1
8277,56566,198648,0,1
8278,56566,198672,0,1
8279,56566,198696,0,1
8280,56566,198720,0,1
8281,56566,198744,0,1
8282,56566,198768,0,1
8283,56566,198792,0,1
8284,56566,198816,0,1
8285,56566,198840,0,1
8286,56566,198864,0,1
8287,56566,198888,0,1
8288,56566,198912,0,1
8289,56566,198936,1,0
8290,56566,198960,1,0
8291,56566,198984,1,0
8292,56566,199008,1,0
8293,56566,199032,0,1
8294,56566,199056,0,1
8295,56566,199080,0,1
8296,56566,199104,1,0
8297,56566,199128,0,1
8298,56566,199152,1,0
8299,56566,199176,0,1
8300,56566,199200,0,1
8301,56566,199224,0,1
8302,56566,199248,0,1
8303,56566,199272,1,0
8304,56566,199296,1,0
8305,56566,199320,0,1
8306,56566,199344,1,0
8307,56566,199368,1,0
8308,56566,199392,1,0
8309,56566,199416,1,0
8310,56566,199440,0,1
8311,56566,199464,1,0
8312,56566,199488,1,0
8313,56566,199512,0,1
8314,56566,199536,0,1
8315,56566,199560,0,1
8316,56566,199584,0,1
8317,56566,199608,0,1
8318,56566,199632,0,1
8319,56566,199656,0,1
8320,56566,199680,0,1
8321,56566,199704,0,1
8322,56566,199728,0,1
8323,56566,199752,0,1
8324,56566,199776,0,1
8325,56566,199800,0,1
8326,56566,199824,0,1
8327,56566,199848,0,1
8328,56566,199872,0,1
8329,56566,199896,0,1
8330,56566,199920,0,1
8331,56566,199944,0,1
8332,56566,199968,0,1
8333,56566,199992,0,1
8334,56566,200016,0,1
8335,56566,200040,0,1
8336,56566,200064,0,1
8337,56566,200088,0,1
8338,56566,200112,0,1
8339,56566,200136,0,1
8340,56566,200160,0,1
8341,56566,200184,0,1
8342,56566,200208,1,0
8343,56566,200232,1,0
8344,56566,200256,0,1
8345,56566,200280,0,1
8346,56566,200304,0,1
8347,56566,200328,0,1
8348,56566,200352,0,1
8349,56566,200376,0,1
8350,56566,200400,0,1
8351,56566,200424,0,1
8352,56566,200448,0,1
8353,56566,200472,0,1
8354,56566,200496,0,1
8355,56566,200520,0,1
8356,56566,200544,0,1
8357,56566,200568,1,0
8358,56566,200592,0,1
8359,56566,200616,0,1
8360,56566,200640,0,1
8361,56566,200664,0,1
8362,56566,200688,0,1
8363,56566,200712,0,1
8364,56566,200736,0,1
8365,56566,200760,0,1
8366,56566,200784,0,1
8367,56566,200808,0,1
8368,56566,200832,0,1
8369,56566,200856,0,1
8370,56566,200880,0,1
8371,56566,200904,0,1
8372,56566,200928,0,1
8373,56566,200952,0,1
8374,56566,200976,0,1
8375,56566,201000,0,1
8376,56566,201024,0,1
8377,56566,201048,0,1
8378,56566,201072,0,1
8379,56566,201096,0,1
8380,56566,201120,0,1
8381,56566,201144,0,1
8382,56566,201168,0,1
8383,56566,201192,0,1
8384,56566,201216,0,1
8385,56566,201240,0,1
8386,56566,201264,0,1
8387,56566,201288,0,1
8388,56566,201312,0,1
8389,56566,201336,0,1
8390,56566,201360,0,1
8391,56566,201384,0,1
8392,56566,201408,0,1
8393,56566,201432,0,1
8394,56566,201456,0,1
8395,56566,201480,0,1
8396,56566,201504,0,1
8397,56566,201528,0,1
8398,56566,201552,0,1
8399,56566,201576,0,1
8400,56566,201600,0,1
8401,56566,201624,0,1
8402,56566,201648,0,1
8403,56566,201672,1,0
8404,56566,201696,1,0
8405,56566,201720,1,0
8406,56566,201744,1,0
8407,56566,201768,0,1
8408,56566,201792,0,1
8409,56566,201816,0,1
8410,56566,201840,0,1
8411,56566,201864,0,1
8412,56566,201888,0,1
8413,56566,201912,0,1
8414,56566,201936,0,1
8415,56566,201960,0,1
8416,56566,201984,0,1
8417,56566,202008,0,1
8418,56566,202032,0,1
8419,56566,202056,0,1
8420,56566,202080,0,1
8421,56566,202104,0,1
8422,56566,202128,0,1
8423,56566,202152,0,1
8424,56566,202176,0,1
8425,56566,202200,0,1
8426,56566,202224,0,1
8427,56566,202248,0,1
8428,56566,202272,0,1
8429,56566,202296,0,1
8430,56566,202320,0,1
8431,56566,202344,0,1
8432,56566,202368,0,1
8433,56566,202392,0,1
8434,56566,202416,0,1
8435,56566,202440,0,1
8436,56566,202464,0,1
8437,56566,202488,0,1
8438,56566,202512,0,1
8439,56566,202536,0,1
8440,56566,202560,0,1
8441,56566,202584,0,1
8442,56566,202608,0,1
8443,56566,202632,0,1
8444,56566,202656,0,1
8445,56566,202680,0,1
8446,56566,202704,0,1
8447,56566,202728,0,1
8448,56566,202752,0,1
8449,56566,202776,0,1
8450,56566,202800,0,1
8451,56566,202824,0,1
8452,56566,202848,0,1
8453,56566,202872,0,1
8454,56566,202896,0,1
8455,56566,202920,0,1
8456,56566,202944,0,1
8457,56566,202968,0,1
8458,56566,202992,0,1
8459,56566,203016,0,1
8460,56566,203040,0,1
8461,56566,203064,0,1
8462,56566,203088,0,1
8463,56566,203112,0,1
8464,56566,203136,0,1
8465,56566,203160,0,1
8466,56566,203184,0,1
8467,56566,203208,0,1
8468,56566,203232,0,1
8469,56566,203256,0,1
8470,56566,203280,0,1
8471,56566,203304,0,1
8472,56566,203328,0,1
8473,56566,203352,0,1
8474,56566,203376,0,1
8475,56566,203400,0,1
8476,56566,203424,0,1
8477,56566,203448,0,1
8478,56566,203472,0,1
8479,56566,203496,0,1
8480,56566,203520,0,1
8481,56566,203544,0,1
8482,56566,203568,0,1
8483,56566,203592,0,1
8484,56566,203616,0,1
8485,56566,203640,0,1
8486,56566,203664,0,1
8487,56566,203688,0,1
8488,56566,203712,0,1
8489,56566,203736,0,1
8490,56566,203760,0,1
8491,56566,203784,0,1
8492,56566,203808,0,1
8493,56566,203832,0,1
8494,56566,203856,0,1
8495,56566,203880,0,1
8496,56566,203904,0,1
8497,56566,203928,0,1
8498,56566,203952,0,1
8499,56566,203976,0,1
8500,56566,204000,0,1
8501,56566,204024,0,1
8502,56566,204048,0,1
8503,56566,204072,0,1
8504,56566,204096,0,1
8505,56566,204120,0,1
8506,56566,204144,0,1
8507,56566,204168,0,1
8508,56566,204192,0,1
8509,56566,204216,0,1
8510,56566,204240,0,1
8511,56566,204264,0,1
8512,56566,204288,0,1
8513,56566,204312,0,1
8514,56566,204336,0,1
8515,56566,204360,0,1
8516,56566,204384,0,1
8517,56566,204408,0,1
8518,56566,204432,0,1
8519,56566,204456,0,1
8520,56566,204480,0,1
8521,56566,204504,0,1
8522,56566,204528,0,1
8523,56566,204552,0,1
8524,56566,204576,0,1
8525,56566,204600,0,1
8526,56566,204624,0,1
8527,56566,204648,0,1
8528,56566,204672,0,1
8529,56566,204696,0,1
8530,56566,204720,0,1
8531,56566,204744,0,1
8532,56566,204768,0,1
8533,56566,204792,0,1
8534,56566,204816,0,1
8535,56566,204840,0,1
8536,56566,204864,0,1
8537,56566,204888,0,1
8538,56566,204912,0,1
8539,56566,204936,0,1
8540,56566,204960,0,1
8541,56566,204984,0,1
8542,56566,205008,0,1
8543,56566,205032,0,1
8544,56566,205056,0,1
8545,56566,205080,0,1
8546,56566,205104,0,1
8547,56566,205128,0,1
8548,56566,205152,0,1
8549,56566,205176,0,1
8550,56566,205200,0,1
8551,56566,205224,0,1
8552,56566,205248,0,1
8553,56566,205272,0,1
8554,56566,205296,0,1
8555,56566,205320,0,1
8556,56566,205344,0,1
8557,56566,205368,0,1
8558,56566,205392,0,1
8559,56566,205416,0,1
8560,56566,205440,0,1
8561,56566,205464,0,1
8562,56566,205488,0,1
8563,56566,205512,0,1
8564,56566,205536,0,1
8565,56566,205560,0,1
8566,56566,205584,0,1
8567,56566,205608,0,1
8568,56566,205632,0,1
8569,56566,205656,0,1
8570,56566,205680,0,1
8571,56566,205704,0,1
8572,56566,205728,0,1
8573,56566,205752,0,1
8574,56566,205776,0,1
8575,56566,205800,0,1
8576,56566,205824,0,1
8577,56566,205848,0,1
8578,56566,205872,0,1
8579,56566,205896,0,1
8580,56566,205920,0,1
8581,56566,205944,0,1
8582,56566,205968,0,1
8583,56566,205992,0,1
8584,56566,206016,0,1
8585,56566,206040,0,1
8586,56566,206064,0,1
8587,56566,206088,0,1
8588,56566,206112,0,1
8589,56566,206136,0,1
8590,56566,206160,0,1
8591,56566,206184,0,1
8592,56566,206208,0,1
8593,56566,206232,0,1
8594,56566,206256,0,1
8595,56566,206280,0,1
8596,56566,206304,0,1
8597,56566,206328,0,1
8598,56566,206352,0,1
8599,56566,206376,0,1
8600,56566,206400,0,1
8601,56566,206424,0,1
8602,56566,206448,0,1
8603,56566,206472,0,1
8604,56566,206496,0,1
8605,56566,206520,0,1
8606,56566,206544,0,1
8607,56566,206568,0,1
8608,56566,206592,0,1
8609,56566,206616,0,1
8610,56566,206640,0,1
8611,56566,206664,0,1
8612,56566,206688,0,1
8613,56566,206712,0,1
8614,56566,206736,0,1
8615,56566,206760,0,1
8616,56566,206784,0,1
8617,56566,206808,0,1
8618,56566,206832,0,1
8619,56566,206856,0,1
8620,56566,206880,0,1
8621,56566,206904,0,1
8622,56566,206928,0,1
8623,56566,206952,0,1
8624,56566,206976,1,0
8625,56566,207000,1,0
8626,56566,207024,1,0
8627,56566,207048,1,0
8628,56566,207072,0,1
8629,56566,207096,0,1
8630,56566,207120,0,1
8631,56566,207144,0,1
8632,56566,207168,0,1
8633,56566,207192,0,1
8634,56566,207216,0,1
8635,56566,207240,0,1
8636,56566,207264,0,1
8637,56566,207288,0,1
8638,56566,207312,0,1
8639,56566,207336,0,1
8640,56566,207360,0,1
8641,56566,207384,0,1
8642,56566,207408,0,1
8643,56566,207432,0,1
8644,56566,207456,0,1
8645,56566,207480,0,1
8646,56566,207504,0,1
8647,56566,207528,0,1
8648,56566,207552,0,1
8649,56566,207576,0,1
8650,56566,207600,0,1
8651,56566,207624,1,0
8652,56566,207648,1,0
8653,56566,207672,1,0
8654,56566,207696,1,0
8655,56566,207720,0,1
8656,56566,207744,1,0
8657,56566,207768,1,0
8658,56566,207792,1,0
8659,56566,207816,1,0
8660,56566,207840,1,0
8661,56566,207864,1,0
8662,56566,207888,1,0
8663,56566,207912,0,1
8664,56566,207936,0,1
8665,56566,207960,0,1
8666,56566,207984,0,1
8667,56566,208008,0,1
8668,56566,208032,0,1
8669,56566,208056,0,1
8670,56566,208080,0,1
8671,56566,208104,0,1
8672,56566,208128,1,0
8673,56566,208152,1,0
8674,56566,208176,1,0
8675,56566,208200,1,0
8676,56566,208224,1,0
8677,56566,208248,1,0
8678,56566,208272,1,0
8679,56566,208296,1,0
8680,56566,208320,1,0
8681,56566,208344,1,0
8682,56566,208368,1,0
8683,56566,208392,1,0
8684,56566,208416,1,0
8685,56566,208440,0,1
8686,56566,208464,0,1
8687,56566,208488,0,1
8688,56566,208512,0,1
8689,56566,208536,0,1
8690,56566,208560,0,1
8691,56566,208584,0,1
8692,56566,208608,0,1
8693,56566,208632,0,1
8694,56566,208656,0,1
8695,56566,208680,0,1
8696,56566,208704,0,1
8697,56566,208728,0,1
8698,56566,208752,0,1
8699,56566,208776,0,1
8700,56566,208800,0,1
8701,56566,208824,0,1
8702,56566,208848,0,1
8703,56566,208872,0,1
8704,56566,208896,0,1
8705,56566,208920,0,1
8706,56566,208944,0,1
8707,56566,208968,0,1
8708,56566,208992,0,1
8709,56566,209016,0,1
8710,56566,209040,0,1
8711,56566,209064,0,1
8712,56566,209088,0,1
8713,56566,209112,0,1
8714,56566,209136,0,1
8715,56566,209160,0,1
8716,56566,209184,0,1
8717,56566,209208,0,1
8718,56566,209232,1,0
8719,56566,209256,1,0
8720,56566,209280,1,0
8721,56566,209304,0,1
8722,56566,209328,1,0
8723,56566,209352,1,0
8724,56566,209376,1,0
8725,56566,209400,1,0
8726,56566,209424,1,0
8727,56566,209448,1,0
8728,56566,209472,1,0
8729,56566,209496,1,0
8730,56566,209520,0,1
8731,56566,209544,0,1
8732,56566,209568,1,0
8733,56566,209592,1,0
8734,56566,209616,0,1
8735,56566,209640,0,1
8736,56566,209664,0,1
8737,56566,209688,0,1
8738,56566,209712,0,1
8739,56566,209736,0,1
8740,56566,209760,0,1
8741,56566,209784,0,1
8742,56566,209808,0,1
8743,56566,209832,0,1
8744,56566,209856,0,1
8745,56566,209880,0,1
8746,56566,209904,0,1
8747,56566,209928,0,1
8748,56566,209952,0,1
8749,56566,209976,0,1
8750,56566,210000,0,1
8751,56566,210024,0,1
8752,56566,210048,0,1
8753,56566,210072,0,1
8754,56566,210096,0,1
8755,56566,210120,0,1
8756,56566,210144,0,1
8757,56566,210168,0,1
8758,56566,210192,0,1
8759,56566,210216,0,1
8760,56566,210240,0,1
8761,56566,210264,0,1
8762,56566,210288,0,1
8763,56566,210312,0,1
8764,56566,210336,0,1
8765,56566,210360,0,1
8766,56566,210384,0,1
8767,56566,210408,0,1
8768,56566,210432,0,1
8769,56566,210456,0,1
8770,56566,210480,0,1
8771,56566,210504,0,1
8772,56566,210528,0,1
8773,56566,210552,0,1
8774,56566,210576,0,1
8775,56566,210600,0,1
8776,56566,210624,0,1
8777,56566,210648,0,1
8778,56566,210672,0,1
8779,56566,210696,0,1
8780,56566,210720,0,1
8781,56566,210744,0,1
8782,56566,210768,0,1
8783,56566,210792,0,1
8784,56566,210816,0,1
