,imdb_id,frame_num,is_car,is_not_car
0,35570,0,0,1
1,35570,24,0,1
2,35570,48,0,1
3,35570,72,0,1
4,35570,96,0,1
5,35570,120,0,1
6,35570,144,0,1
7,35570,168,0,1
8,35570,192,0,1
9,35570,216,0,1
10,35570,240,0,1
11,35570,264,0,1
12,35570,288,0,1
13,35570,312,0,1
14,35570,336,0,1
15,35570,360,0,1
16,35570,384,0,1
17,35570,408,0,1
18,35570,432,0,1
19,35570,456,0,1
20,35570,480,0,1
21,35570,504,0,1
22,35570,528,0,1
23,35570,552,0,1
24,35570,576,0,1
25,35570,600,0,1
26,35570,624,0,1
27,35570,648,0,1
28,35570,672,0,1
29,35570,696,0,1
30,35570,720,0,1
31,35570,744,0,1
32,35570,768,0,1
33,35570,792,0,1
34,35570,816,0,1
35,35570,840,0,1
36,35570,864,0,1
37,35570,888,0,1
38,35570,912,0,1
39,35570,936,0,1
40,35570,960,0,1
41,35570,984,0,1
42,35570,1008,0,1
43,35570,1032,0,1
44,35570,1056,0,1
45,35570,1080,0,1
46,35570,1104,0,1
47,35570,1128,0,1
48,35570,1152,0,1
49,35570,1176,0,1
50,35570,1200,0,1
51,35570,1224,0,1
52,35570,1248,0,1
53,35570,1272,0,1
54,35570,1296,0,1
55,35570,1320,0,1
56,35570,1344,0,1
57,35570,1368,0,1
58,35570,1392,0,1
59,35570,1416,0,1
60,35570,1440,0,1
61,35570,1464,0,1
62,35570,1488,0,1
63,35570,1512,0,1
64,35570,1536,0,1
65,35570,1560,0,1
66,35570,1584,0,1
67,35570,1608,0,1
68,35570,1632,0,1
69,35570,1656,0,1
70,35570,1680,0,1
71,35570,1704,0,1
72,35570,1728,0,1
73,35570,1752,0,1
74,35570,1776,0,1
75,35570,1800,0,1
76,35570,1824,0,1
77,35570,1848,0,1
78,35570,1872,0,1
79,35570,1896,0,1
80,35570,1920,0,1
81,35570,1944,0,1
82,35570,1968,0,1
83,35570,1992,0,1
84,35570,2016,0,1
85,35570,2040,0,1
86,35570,2064,0,1
87,35570,2088,0,1
88,35570,2112,0,1
89,35570,2136,0,1
90,35570,2160,0,1
91,35570,2184,0,1
92,35570,2208,0,1
93,35570,2232,0,1
94,35570,2256,0,1
95,35570,2280,0,1
96,35570,2304,0,1
97,35570,2328,0,1
98,35570,2352,0,1
99,35570,2376,0,1
100,35570,2400,0,1
101,35570,2424,0,1
102,35570,2448,0,1
103,35570,2472,0,1
104,35570,2496,0,1
105,35570,2520,0,1
106,35570,2544,0,1
107,35570,2568,0,1
108,35570,2592,0,1
109,35570,2616,1,0
110,35570,2640,1,0
111,35570,2664,0,1
112,35570,2688,0,1
113,35570,2712,0,1
114,35570,2736,0,1
115,35570,2760,0,1
116,35570,2784,0,1
117,35570,2808,0,1
118,35570,2832,0,1
119,35570,2856,0,1
120,35570,2880,0,1
121,35570,2904,0,1
122,35570,2928,0,1
123,35570,2952,0,1
124,35570,2976,0,1
125,35570,3000,0,1
126,35570,3024,0,1
127,35570,3048,0,1
128,35570,3072,0,1
129,35570,3096,0,1
130,35570,3120,0,1
131,35570,3144,0,1
132,35570,3168,0,1
133,35570,3192,0,1
134,35570,3216,0,1
135,35570,3240,0,1
136,35570,3264,0,1
137,35570,3288,0,1
138,35570,3312,0,1
139,35570,3336,0,1
140,35570,3360,0,1
141,35570,3384,0,1
142,35570,3408,0,1
143,35570,3432,0,1
144,35570,3456,0,1
145,35570,3480,0,1
146,35570,3504,0,1
147,35570,3528,0,1
148,35570,3552,0,1
149,35570,3576,0,1
150,35570,3600,0,1
151,35570,3624,0,1
152,35570,3648,0,1
153,35570,3672,0,1
154,35570,3696,0,1
155,35570,3720,0,1
156,35570,3744,0,1
157,35570,3768,0,1
158,35570,3792,0,1
159,35570,3816,0,1
160,35570,3840,0,1
161,35570,3864,0,1
162,35570,3888,0,1
163,35570,3912,0,1
164,35570,3936,0,1
165,35570,3960,0,1
166,35570,3984,0,1
167,35570,4008,0,1
168,35570,4032,0,1
169,35570,4056,0,1
170,35570,4080,0,1
171,35570,4104,0,1
172,35570,4128,0,1
173,35570,4152,0,1
174,35570,4176,0,1
175,35570,4200,0,1
176,35570,4224,0,1
177,35570,4248,0,1
178,35570,4272,0,1
179,35570,4296,0,1
180,35570,4320,0,1
181,35570,4344,0,1
182,35570,4368,0,1
183,35570,4392,0,1
184,35570,4416,0,1
185,35570,4440,0,1
186,35570,4464,0,1
187,35570,4488,0,1
188,35570,4512,0,1
189,35570,4536,0,1
190,35570,4560,0,1
191,35570,4584,0,1
192,35570,4608,0,1
193,35570,4632,0,1
194,35570,4656,0,1
195,35570,4680,0,1
196,35570,4704,0,1
197,35570,4728,0,1
198,35570,4752,0,1
199,35570,4776,0,1
200,35570,4800,0,1
201,35570,4824,0,1
202,35570,4848,0,1
203,35570,4872,0,1
204,35570,4896,0,1
205,35570,4920,0,1
206,35570,4944,0,1
207,35570,4968,0,1
208,35570,4992,1,0
209,35570,5016,1,0
210,35570,5040,1,0
211,35570,5064,1,0
212,35570,5088,1,0
213,35570,5112,1,0
214,35570,5136,1,0
215,35570,5160,0,1
216,35570,5184,0,1
217,35570,5208,0,1
218,35570,5232,0,1
219,35570,5256,0,1
220,35570,5280,0,1
221,35570,5304,0,1
222,35570,5328,0,1
223,35570,5352,0,1
224,35570,5376,1,0
225,35570,5400,0,1
226,35570,5424,0,1
227,35570,5448,0,1
228,35570,5472,0,1
229,35570,5496,0,1
230,35570,5520,0,1
231,35570,5544,0,1
232,35570,5568,0,1
233,35570,5592,0,1
234,35570,5616,0,1
235,35570,5640,0,1
236,35570,5664,0,1
237,35570,5688,0,1
238,35570,5712,0,1
239,35570,5736,0,1
240,35570,5760,0,1
241,35570,5784,0,1
242,35570,5808,0,1
243,35570,5832,0,1
244,35570,5856,0,1
245,35570,5880,0,1
246,35570,5904,0,1
247,35570,5928,0,1
248,35570,5952,0,1
249,35570,5976,0,1
250,35570,6000,0,1
251,35570,6024,0,1
252,35570,6048,0,1
253,35570,6072,0,1
254,35570,6096,0,1
255,35570,6120,0,1
256,35570,6144,0,1
257,35570,6168,0,1
258,35570,6192,0,1
259,35570,6216,0,1
260,35570,6240,0,1
261,35570,6264,0,1
262,35570,6288,0,1
263,35570,6312,0,1
264,35570,6336,0,1
265,35570,6360,0,1
266,35570,6384,0,1
267,35570,6408,0,1
268,35570,6432,0,1
269,35570,6456,0,1
270,35570,6480,0,1
271,35570,6504,0,1
272,35570,6528,0,1
273,35570,6552,0,1
274,35570,6576,0,1
275,35570,6600,0,1
276,35570,6624,0,1
277,35570,6648,0,1
278,35570,6672,0,1
279,35570,6696,0,1
280,35570,6720,1,0
281,35570,6744,0,1
282,35570,6768,0,1
283,35570,6792,0,1
284,35570,6816,0,1
285,35570,6840,0,1
286,35570,6864,0,1
287,35570,6888,0,1
288,35570,6912,0,1
289,35570,6936,0,1
290,35570,6960,0,1
291,35570,6984,0,1
292,35570,7008,1,0
293,35570,7032,0,1
294,35570,7056,0,1
295,35570,7080,0,1
296,35570,7104,0,1
297,35570,7128,0,1
298,35570,7152,0,1
299,35570,7176,0,1
300,35570,7200,0,1
301,35570,7224,0,1
302,35570,7248,0,1
303,35570,7272,0,1
304,35570,7296,0,1
305,35570,7320,0,1
306,35570,7344,0,1
307,35570,7368,0,1
308,35570,7392,0,1
309,35570,7416,0,1
310,35570,7440,0,1
311,35570,7464,0,1
312,35570,7488,0,1
313,35570,7512,0,1
314,35570,7536,0,1
315,35570,7560,0,1
316,35570,7584,0,1
317,35570,7608,0,1
318,35570,7632,0,1
319,35570,7656,0,1
320,35570,7680,0,1
321,35570,7704,0,1
322,35570,7728,0,1
323,35570,7752,0,1
324,35570,7776,0,1
325,35570,7800,0,1
326,35570,7824,0,1
327,35570,7848,0,1
328,35570,7872,0,1
329,35570,7896,0,1
330,35570,7920,0,1
331,35570,7944,0,1
332,35570,7968,0,1
333,35570,7992,0,1
334,35570,8016,0,1
335,35570,8040,0,1
336,35570,8064,0,1
337,35570,8088,0,1
338,35570,8112,0,1
339,35570,8136,0,1
340,35570,8160,0,1
341,35570,8184,0,1
342,35570,8208,0,1
343,35570,8232,0,1
344,35570,8256,0,1
345,35570,8280,0,1
346,35570,8304,0,1
347,35570,8328,0,1
348,35570,8352,0,1
349,35570,8376,0,1
350,35570,8400,0,1
351,35570,8424,0,1
352,35570,8448,0,1
353,35570,8472,0,1
354,35570,8496,0,1
355,35570,8520,0,1
356,35570,8544,0,1
357,35570,8568,0,1
358,35570,8592,0,1
359,35570,8616,0,1
360,35570,8640,0,1
361,35570,8664,0,1
362,35570,8688,0,1
363,35570,8712,0,1
364,35570,8736,0,1
365,35570,8760,0,1
366,35570,8784,0,1
367,35570,8808,0,1
368,35570,8832,0,1
369,35570,8856,0,1
370,35570,8880,0,1
371,35570,8904,0,1
372,35570,8928,0,1
373,35570,8952,0,1
374,35570,8976,0,1
375,35570,9000,0,1
376,35570,9024,0,1
377,35570,9048,0,1
378,35570,9072,0,1
379,35570,9096,0,1
380,35570,9120,0,1
381,35570,9144,0,1
382,35570,9168,0,1
383,35570,9192,0,1
384,35570,9216,1,0
385,35570,9240,1,0
386,35570,9264,1,0
387,35570,9288,0,1
388,35570,9312,0,1
389,35570,9336,0,1
390,35570,9360,0,1
391,35570,9384,0,1
392,35570,9408,1,0
393,35570,9432,0,1
394,35570,9456,0,1
395,35570,9480,0,1
396,35570,9504,0,1
397,35570,9528,0,1
398,35570,9552,0,1
399,35570,9576,0,1
400,35570,9600,1,0
401,35570,9624,1,0
402,35570,9648,1,0
403,35570,9672,0,1
404,35570,9696,0,1
405,35570,9720,0,1
406,35570,9744,0,1
407,35570,9768,0,1
408,35570,9792,0,1
409,35570,9816,0,1
410,35570,9840,0,1
411,35570,9864,0,1
412,35570,9888,0,1
413,35570,9912,0,1
414,35570,9936,0,1
415,35570,9960,0,1
416,35570,9984,0,1
417,35570,10008,0,1
418,35570,10032,0,1
419,35570,10056,0,1
420,35570,10080,0,1
421,35570,10104,0,1
422,35570,10128,0,1
423,35570,10152,0,1
424,35570,10176,0,1
425,35570,10200,0,1
426,35570,10224,0,1
427,35570,10248,0,1
428,35570,10272,0,1
429,35570,10296,0,1
430,35570,10320,0,1
431,35570,10344,0,1
432,35570,10368,1,0
433,35570,10392,1,0
434,35570,10416,1,0
435,35570,10440,1,0
436,35570,10464,1,0
437,35570,10488,1,0
438,35570,10512,1,0
439,35570,10536,1,0
440,35570,10560,0,1
441,35570,10584,0,1
442,35570,10608,0,1
443,35570,10632,0,1
444,35570,10656,0,1
445,35570,10680,0,1
446,35570,10704,0,1
447,35570,10728,0,1
448,35570,10752,0,1
449,35570,10776,0,1
450,35570,10800,0,1
451,35570,10824,0,1
452,35570,10848,0,1
453,35570,10872,0,1
454,35570,10896,0,1
455,35570,10920,0,1
456,35570,10944,0,1
457,35570,10968,0,1
458,35570,10992,0,1
459,35570,11016,0,1
460,35570,11040,0,1
461,35570,11064,0,1
462,35570,11088,0,1
463,35570,11112,0,1
464,35570,11136,0,1
465,35570,11160,0,1
466,35570,11184,0,1
467,35570,11208,0,1
468,35570,11232,0,1
469,35570,11256,0,1
470,35570,11280,0,1
471,35570,11304,0,1
472,35570,11328,0,1
473,35570,11352,0,1
474,35570,11376,0,1
475,35570,11400,0,1
476,35570,11424,0,1
477,35570,11448,0,1
478,35570,11472,0,1
479,35570,11496,0,1
480,35570,11520,0,1
481,35570,11544,0,1
482,35570,11568,0,1
483,35570,11592,0,1
484,35570,11616,0,1
485,35570,11640,0,1
486,35570,11664,0,1
487,35570,11688,0,1
488,35570,11712,0,1
489,35570,11736,0,1
490,35570,11760,0,1
491,35570,11784,0,1
492,35570,11808,1,0
493,35570,11832,1,0
494,35570,11856,0,1
495,35570,11880,0,1
496,35570,11904,0,1
497,35570,11928,0,1
498,35570,11952,1,0
499,35570,11976,1,0
500,35570,12000,1,0
501,35570,12024,1,0
502,35570,12048,1,0
503,35570,12072,1,0
504,35570,12096,0,1
505,35570,12120,0,1
506,35570,12144,0,1
507,35570,12168,0,1
508,35570,12192,0,1
509,35570,12216,0,1
510,35570,12240,1,0
511,35570,12264,0,1
512,35570,12288,0,1
513,35570,12312,1,0
514,35570,12336,0,1
515,35570,12360,0,1
516,35570,12384,0,1
517,35570,12408,0,1
518,35570,12432,0,1
519,35570,12456,0,1
520,35570,12480,0,1
521,35570,12504,1,0
522,35570,12528,0,1
523,35570,12552,0,1
524,35570,12576,0,1
525,35570,12600,0,1
526,35570,12624,0,1
527,35570,12648,0,1
528,35570,12672,0,1
529,35570,12696,0,1
530,35570,12720,0,1
531,35570,12744,0,1
532,35570,12768,0,1
533,35570,12792,0,1
534,35570,12816,0,1
535,35570,12840,0,1
536,35570,12864,0,1
537,35570,12888,0,1
538,35570,12912,0,1
539,35570,12936,0,1
540,35570,12960,0,1
541,35570,12984,0,1
542,35570,13008,0,1
543,35570,13032,0,1
544,35570,13056,0,1
545,35570,13080,0,1
546,35570,13104,0,1
547,35570,13128,0,1
548,35570,13152,0,1
549,35570,13176,0,1
550,35570,13200,0,1
551,35570,13224,0,1
552,35570,13248,0,1
553,35570,13272,0,1
554,35570,13296,0,1
555,35570,13320,0,1
556,35570,13344,0,1
557,35570,13368,0,1
558,35570,13392,0,1
559,35570,13416,0,1
560,35570,13440,0,1
561,35570,13464,0,1
562,35570,13488,0,1
563,35570,13512,0,1
564,35570,13536,0,1
565,35570,13560,0,1
566,35570,13584,0,1
567,35570,13608,0,1
568,35570,13632,0,1
569,35570,13656,0,1
570,35570,13680,0,1
571,35570,13704,0,1
572,35570,13728,0,1
573,35570,13752,0,1
574,35570,13776,0,1
575,35570,13800,0,1
576,35570,13824,0,1
577,35570,13848,0,1
578,35570,13872,0,1
579,35570,13896,0,1
580,35570,13920,0,1
581,35570,13944,0,1
582,35570,13968,0,1
583,35570,13992,0,1
584,35570,14016,0,1
585,35570,14040,0,1
586,35570,14064,0,1
587,35570,14088,0,1
588,35570,14112,0,1
589,35570,14136,0,1
590,35570,14160,0,1
591,35570,14184,0,1
592,35570,14208,0,1
593,35570,14232,0,1
594,35570,14256,0,1
595,35570,14280,0,1
596,35570,14304,0,1
597,35570,14328,0,1
598,35570,14352,0,1
599,35570,14376,0,1
600,35570,14400,0,1
601,35570,14424,0,1
602,35570,14448,0,1
603,35570,14472,0,1
604,35570,14496,0,1
605,35570,14520,0,1
606,35570,14544,0,1
607,35570,14568,0,1
608,35570,14592,0,1
609,35570,14616,0,1
610,35570,14640,0,1
611,35570,14664,0,1
612,35570,14688,0,1
613,35570,14712,0,1
614,35570,14736,0,1
615,35570,14760,0,1
616,35570,14784,0,1
617,35570,14808,0,1
618,35570,14832,0,1
619,35570,14856,0,1
620,35570,14880,0,1
621,35570,14904,0,1
622,35570,14928,0,1
623,35570,14952,0,1
624,35570,14976,0,1
625,35570,15000,0,1
626,35570,15024,0,1
627,35570,15048,0,1
628,35570,15072,0,1
629,35570,15096,0,1
630,35570,15120,0,1
631,35570,15144,0,1
632,35570,15168,0,1
633,35570,15192,0,1
634,35570,15216,0,1
635,35570,15240,0,1
636,35570,15264,0,1
637,35570,15288,0,1
638,35570,15312,0,1
639,35570,15336,0,1
640,35570,15360,0,1
641,35570,15384,0,1
642,35570,15408,0,1
643,35570,15432,0,1
644,35570,15456,0,1
645,35570,15480,0,1
646,35570,15504,0,1
647,35570,15528,0,1
648,35570,15552,0,1
649,35570,15576,0,1
650,35570,15600,0,1
651,35570,15624,0,1
652,35570,15648,0,1
653,35570,15672,0,1
654,35570,15696,0,1
655,35570,15720,0,1
656,35570,15744,0,1
657,35570,15768,0,1
658,35570,15792,0,1
659,35570,15816,0,1
660,35570,15840,0,1
661,35570,15864,0,1
662,35570,15888,0,1
663,35570,15912,0,1
664,35570,15936,0,1
665,35570,15960,0,1
666,35570,15984,0,1
667,35570,16008,0,1
668,35570,16032,0,1
669,35570,16056,0,1
670,35570,16080,0,1
671,35570,16104,0,1
672,35570,16128,0,1
673,35570,16152,0,1
674,35570,16176,0,1
675,35570,16200,0,1
676,35570,16224,0,1
677,35570,16248,0,1
678,35570,16272,0,1
679,35570,16296,0,1
680,35570,16320,0,1
681,35570,16344,0,1
682,35570,16368,0,1
683,35570,16392,0,1
684,35570,16416,0,1
685,35570,16440,0,1
686,35570,16464,0,1
687,35570,16488,0,1
688,35570,16512,0,1
689,35570,16536,0,1
690,35570,16560,0,1
691,35570,16584,0,1
692,35570,16608,0,1
693,35570,16632,0,1
694,35570,16656,0,1
695,35570,16680,0,1
696,35570,16704,0,1
697,35570,16728,0,1
698,35570,16752,0,1
699,35570,16776,0,1
700,35570,16800,0,1
701,35570,16824,0,1
702,35570,16848,0,1
703,35570,16872,0,1
704,35570,16896,0,1
705,35570,16920,0,1
706,35570,16944,0,1
707,35570,16968,0,1
708,35570,16992,0,1
709,35570,17016,0,1
710,35570,17040,0,1
711,35570,17064,0,1
712,35570,17088,0,1
713,35570,17112,0,1
714,35570,17136,0,1
715,35570,17160,0,1
716,35570,17184,0,1
717,35570,17208,0,1
718,35570,17232,0,1
719,35570,17256,0,1
720,35570,17280,0,1
721,35570,17304,0,1
722,35570,17328,0,1
723,35570,17352,0,1
724,35570,17376,0,1
725,35570,17400,0,1
726,35570,17424,0,1
727,35570,17448,0,1
728,35570,17472,0,1
729,35570,17496,0,1
730,35570,17520,0,1
731,35570,17544,0,1
732,35570,17568,0,1
733,35570,17592,0,1
734,35570,17616,0,1
735,35570,17640,0,1
736,35570,17664,0,1
737,35570,17688,0,1
738,35570,17712,0,1
739,35570,17736,0,1
740,35570,17760,0,1
741,35570,17784,0,1
742,35570,17808,0,1
743,35570,17832,0,1
744,35570,17856,0,1
745,35570,17880,0,1
746,35570,17904,0,1
747,35570,17928,0,1
748,35570,17952,0,1
749,35570,17976,0,1
750,35570,18000,0,1
751,35570,18024,0,1
752,35570,18048,0,1
753,35570,18072,0,1
754,35570,18096,0,1
755,35570,18120,0,1
756,35570,18144,0,1
757,35570,18168,0,1
758,35570,18192,0,1
759,35570,18216,0,1
760,35570,18240,0,1
761,35570,18264,0,1
762,35570,18288,0,1
763,35570,18312,0,1
764,35570,18336,0,1
765,35570,18360,0,1
766,35570,18384,0,1
767,35570,18408,0,1
768,35570,18432,0,1
769,35570,18456,0,1
770,35570,18480,0,1
771,35570,18504,0,1
772,35570,18528,0,1
773,35570,18552,0,1
774,35570,18576,0,1
775,35570,18600,0,1
776,35570,18624,0,1
777,35570,18648,0,1
778,35570,18672,0,1
779,35570,18696,0,1
780,35570,18720,0,1
781,35570,18744,0,1
782,35570,18768,0,1
783,35570,18792,0,1
784,35570,18816,0,1
785,35570,18840,0,1
786,35570,18864,0,1
787,35570,18888,0,1
788,35570,18912,0,1
789,35570,18936,0,1
790,35570,18960,0,1
791,35570,18984,0,1
792,35570,19008,0,1
793,35570,19032,0,1
794,35570,19056,0,1
795,35570,19080,0,1
796,35570,19104,0,1
797,35570,19128,0,1
798,35570,19152,0,1
799,35570,19176,0,1
800,35570,19200,0,1
801,35570,19224,0,1
802,35570,19248,0,1
803,35570,19272,0,1
804,35570,19296,0,1
805,35570,19320,0,1
806,35570,19344,0,1
807,35570,19368,0,1
808,35570,19392,0,1
809,35570,19416,0,1
810,35570,19440,0,1
811,35570,19464,0,1
812,35570,19488,0,1
813,35570,19512,0,1
814,35570,19536,0,1
815,35570,19560,0,1
816,35570,19584,0,1
817,35570,19608,0,1
818,35570,19632,0,1
819,35570,19656,0,1
820,35570,19680,0,1
821,35570,19704,0,1
822,35570,19728,0,1
823,35570,19752,0,1
824,35570,19776,0,1
825,35570,19800,0,1
826,35570,19824,0,1
827,35570,19848,0,1
828,35570,19872,0,1
829,35570,19896,0,1
830,35570,19920,0,1
831,35570,19944,0,1
832,35570,19968,0,1
833,35570,19992,0,1
834,35570,20016,0,1
835,35570,20040,0,1
836,35570,20064,0,1
837,35570,20088,0,1
838,35570,20112,0,1
839,35570,20136,0,1
840,35570,20160,0,1
841,35570,20184,0,1
842,35570,20208,0,1
843,35570,20232,0,1
844,35570,20256,0,1
845,35570,20280,0,1
846,35570,20304,0,1
847,35570,20328,0,1
848,35570,20352,0,1
849,35570,20376,0,1
850,35570,20400,0,1
851,35570,20424,0,1
852,35570,20448,0,1
853,35570,20472,0,1
854,35570,20496,0,1
855,35570,20520,0,1
856,35570,20544,0,1
857,35570,20568,0,1
858,35570,20592,0,1
859,35570,20616,0,1
860,35570,20640,0,1
861,35570,20664,0,1
862,35570,20688,0,1
863,35570,20712,0,1
864,35570,20736,0,1
865,35570,20760,0,1
866,35570,20784,0,1
867,35570,20808,0,1
868,35570,20832,0,1
869,35570,20856,0,1
870,35570,20880,0,1
871,35570,20904,0,1
872,35570,20928,0,1
873,35570,20952,0,1
874,35570,20976,0,1
875,35570,21000,0,1
876,35570,21024,0,1
877,35570,21048,0,1
878,35570,21072,0,1
879,35570,21096,0,1
880,35570,21120,0,1
881,35570,21144,0,1
882,35570,21168,0,1
883,35570,21192,0,1
884,35570,21216,0,1
885,35570,21240,0,1
886,35570,21264,0,1
887,35570,21288,0,1
888,35570,21312,0,1
889,35570,21336,0,1
890,35570,21360,0,1
891,35570,21384,0,1
892,35570,21408,0,1
893,35570,21432,0,1
894,35570,21456,0,1
895,35570,21480,0,1
896,35570,21504,0,1
897,35570,21528,0,1
898,35570,21552,0,1
899,35570,21576,1,0
900,35570,21600,1,0
901,35570,21624,1,0
902,35570,21648,1,0
903,35570,21672,1,0
904,35570,21696,1,0
905,35570,21720,1,0
906,35570,21744,1,0
907,35570,21768,1,0
908,35570,21792,1,0
909,35570,21816,1,0
910,35570,21840,1,0
911,35570,21864,1,0
912,35570,21888,1,0
913,35570,21912,1,0
914,35570,21936,1,0
915,35570,21960,1,0
916,35570,21984,1,0
917,35570,22008,1,0
918,35570,22032,1,0
919,35570,22056,1,0
920,35570,22080,1,0
921,35570,22104,1,0
922,35570,22128,1,0
923,35570,22152,1,0
924,35570,22176,1,0
925,35570,22200,1,0
926,35570,22224,1,0
927,35570,22248,1,0
928,35570,22272,1,0
929,35570,22296,1,0
930,35570,22320,1,0
931,35570,22344,1,0
932,35570,22368,1,0
933,35570,22392,1,0
934,35570,22416,1,0
935,35570,22440,1,0
936,35570,22464,1,0
937,35570,22488,1,0
938,35570,22512,1,0
939,35570,22536,1,0
940,35570,22560,0,1
941,35570,22584,0,1
942,35570,22608,0,1
943,35570,22632,1,0
944,35570,22656,1,0
945,35570,22680,1,0
946,35570,22704,1,0
947,35570,22728,1,0
948,35570,22752,1,0
949,35570,22776,1,0
950,35570,22800,1,0
951,35570,22824,1,0
952,35570,22848,1,0
953,35570,22872,0,1
954,35570,22896,0,1
955,35570,22920,0,1
956,35570,22944,0,1
957,35570,22968,0,1
958,35570,22992,0,1
959,35570,23016,0,1
960,35570,23040,0,1
961,35570,23064,0,1
962,35570,23088,0,1
963,35570,23112,0,1
964,35570,23136,0,1
965,35570,23160,0,1
966,35570,23184,0,1
967,35570,23208,0,1
968,35570,23232,0,1
969,35570,23256,0,1
970,35570,23280,0,1
971,35570,23304,0,1
972,35570,23328,0,1
973,35570,23352,0,1
974,35570,23376,0,1
975,35570,23400,0,1
976,35570,23424,0,1
977,35570,23448,0,1
978,35570,23472,0,1
979,35570,23496,0,1
980,35570,23520,0,1
981,35570,23544,0,1
982,35570,23568,0,1
983,35570,23592,1,0
984,35570,23616,1,0
985,35570,23640,1,0
986,35570,23664,0,1
987,35570,23688,0,1
988,35570,23712,0,1
989,35570,23736,1,0
990,35570,23760,1,0
991,35570,23784,1,0
992,35570,23808,1,0
993,35570,23832,1,0
994,35570,23856,0,1
995,35570,23880,0,1
996,35570,23904,0,1
997,35570,23928,0,1
998,35570,23952,0,1
999,35570,23976,0,1
1000,35570,24000,0,1
1001,35570,24024,0,1
1002,35570,24048,0,1
1003,35570,24072,0,1
1004,35570,24096,0,1
1005,35570,24120,0,1
1006,35570,24144,0,1
1007,35570,24168,0,1
1008,35570,24192,0,1
1009,35570,24216,0,1
1010,35570,24240,0,1
1011,35570,24264,0,1
1012,35570,24288,0,1
1013,35570,24312,0,1
1014,35570,24336,0,1
1015,35570,24360,0,1
1016,35570,24384,0,1
1017,35570,24408,0,1
1018,35570,24432,0,1
1019,35570,24456,0,1
1020,35570,24480,0,1
1021,35570,24504,0,1
1022,35570,24528,0,1
1023,35570,24552,0,1
1024,35570,24576,0,1
1025,35570,24600,0,1
1026,35570,24624,0,1
1027,35570,24648,0,1
1028,35570,24672,0,1
1029,35570,24696,0,1
1030,35570,24720,0,1
1031,35570,24744,0,1
1032,35570,24768,0,1
1033,35570,24792,0,1
1034,35570,24816,0,1
1035,35570,24840,0,1
1036,35570,24864,0,1
1037,35570,24888,0,1
1038,35570,24912,0,1
1039,35570,24936,0,1
1040,35570,24960,0,1
1041,35570,24984,0,1
1042,35570,25008,0,1
1043,35570,25032,0,1
1044,35570,25056,0,1
1045,35570,25080,0,1
1046,35570,25104,0,1
1047,35570,25128,0,1
1048,35570,25152,0,1
1049,35570,25176,0,1
1050,35570,25200,0,1
1051,35570,25224,0,1
1052,35570,25248,0,1
1053,35570,25272,0,1
1054,35570,25296,1,0
1055,35570,25320,0,1
1056,35570,25344,0,1
1057,35570,25368,0,1
1058,35570,25392,0,1
1059,35570,25416,0,1
1060,35570,25440,0,1
1061,35570,25464,0,1
1062,35570,25488,0,1
1063,35570,25512,0,1
1064,35570,25536,0,1
1065,35570,25560,0,1
1066,35570,25584,0,1
1067,35570,25608,0,1
1068,35570,25632,0,1
1069,35570,25656,0,1
1070,35570,25680,0,1
1071,35570,25704,0,1
1072,35570,25728,0,1
1073,35570,25752,0,1
1074,35570,25776,0,1
1075,35570,25800,0,1
1076,35570,25824,0,1
1077,35570,25848,0,1
1078,35570,25872,0,1
1079,35570,25896,0,1
1080,35570,25920,0,1
1081,35570,25944,0,1
1082,35570,25968,0,1
1083,35570,25992,0,1
1084,35570,26016,0,1
1085,35570,26040,0,1
1086,35570,26064,0,1
1087,35570,26088,0,1
1088,35570,26112,0,1
1089,35570,26136,0,1
1090,35570,26160,0,1
1091,35570,26184,0,1
1092,35570,26208,0,1
1093,35570,26232,0,1
1094,35570,26256,0,1
1095,35570,26280,0,1
1096,35570,26304,0,1
1097,35570,26328,0,1
1098,35570,26352,0,1
1099,35570,26376,0,1
1100,35570,26400,0,1
1101,35570,26424,0,1
1102,35570,26448,0,1
1103,35570,26472,0,1
1104,35570,26496,0,1
1105,35570,26520,0,1
1106,35570,26544,0,1
1107,35570,26568,1,0
1108,35570,26592,1,0
1109,35570,26616,1,0
1110,35570,26640,1,0
1111,35570,26664,1,0
1112,35570,26688,1,0
1113,35570,26712,1,0
1114,35570,26736,1,0
1115,35570,26760,1,0
1116,35570,26784,1,0
1117,35570,26808,1,0
1118,35570,26832,1,0
1119,35570,26856,1,0
1120,35570,26880,1,0
1121,35570,26904,1,0
1122,35570,26928,1,0
1123,35570,26952,1,0
1124,35570,26976,1,0
1125,35570,27000,1,0
1126,35570,27024,1,0
1127,35570,27048,1,0
1128,35570,27072,1,0
1129,35570,27096,1,0
1130,35570,27120,1,0
1131,35570,27144,1,0
1132,35570,27168,0,1
1133,35570,27192,1,0
1134,35570,27216,1,0
1135,35570,27240,0,1
1136,35570,27264,0,1
1137,35570,27288,0,1
1138,35570,27312,0,1
1139,35570,27336,0,1
1140,35570,27360,0,1
1141,35570,27384,0,1
1142,35570,27408,0,1
1143,35570,27432,0,1
1144,35570,27456,0,1
1145,35570,27480,0,1
1146,35570,27504,0,1
1147,35570,27528,0,1
1148,35570,27552,0,1
1149,35570,27576,0,1
1150,35570,27600,0,1
1151,35570,27624,0,1
1152,35570,27648,0,1
1153,35570,27672,0,1
1154,35570,27696,0,1
1155,35570,27720,0,1
1156,35570,27744,0,1
1157,35570,27768,0,1
1158,35570,27792,0,1
1159,35570,27816,0,1
1160,35570,27840,0,1
1161,35570,27864,0,1
1162,35570,27888,0,1
1163,35570,27912,0,1
1164,35570,27936,0,1
1165,35570,27960,0,1
1166,35570,27984,1,0
1167,35570,28008,1,0
1168,35570,28032,0,1
1169,35570,28056,0,1
1170,35570,28080,0,1
1171,35570,28104,0,1
1172,35570,28128,0,1
1173,35570,28152,0,1
1174,35570,28176,0,1
1175,35570,28200,0,1
1176,35570,28224,0,1
1177,35570,28248,0,1
1178,35570,28272,0,1
1179,35570,28296,0,1
1180,35570,28320,0,1
1181,35570,28344,0,1
1182,35570,28368,0,1
1183,35570,28392,0,1
1184,35570,28416,0,1
1185,35570,28440,0,1
1186,35570,28464,0,1
1187,35570,28488,0,1
1188,35570,28512,0,1
1189,35570,28536,0,1
1190,35570,28560,0,1
1191,35570,28584,0,1
1192,35570,28608,0,1
1193,35570,28632,0,1
1194,35570,28656,0,1
1195,35570,28680,0,1
1196,35570,28704,0,1
1197,35570,28728,0,1
1198,35570,28752,0,1
1199,35570,28776,0,1
1200,35570,28800,0,1
1201,35570,28824,0,1
1202,35570,28848,0,1
1203,35570,28872,0,1
1204,35570,28896,0,1
1205,35570,28920,0,1
1206,35570,28944,0,1
1207,35570,28968,0,1
1208,35570,28992,0,1
1209,35570,29016,0,1
1210,35570,29040,0,1
1211,35570,29064,0,1
1212,35570,29088,0,1
1213,35570,29112,0,1
1214,35570,29136,0,1
1215,35570,29160,0,1
1216,35570,29184,0,1
1217,35570,29208,0,1
1218,35570,29232,0,1
1219,35570,29256,0,1
1220,35570,29280,0,1
1221,35570,29304,0,1
1222,35570,29328,0,1
1223,35570,29352,0,1
1224,35570,29376,0,1
1225,35570,29400,0,1
1226,35570,29424,0,1
1227,35570,29448,0,1
1228,35570,29472,0,1
1229,35570,29496,0,1
1230,35570,29520,0,1
1231,35570,29544,1,0
1232,35570,29568,1,0
1233,35570,29592,0,1
1234,35570,29616,0,1
1235,35570,29640,0,1
1236,35570,29664,0,1
1237,35570,29688,0,1
1238,35570,29712,0,1
1239,35570,29736,0,1
1240,35570,29760,0,1
1241,35570,29784,0,1
1242,35570,29808,0,1
1243,35570,29832,0,1
1244,35570,29856,0,1
1245,35570,29880,0,1
1246,35570,29904,0,1
1247,35570,29928,0,1
1248,35570,29952,0,1
1249,35570,29976,0,1
1250,35570,30000,0,1
1251,35570,30024,0,1
1252,35570,30048,0,1
1253,35570,30072,0,1
1254,35570,30096,0,1
1255,35570,30120,0,1
1256,35570,30144,0,1
1257,35570,30168,0,1
1258,35570,30192,0,1
1259,35570,30216,0,1
1260,35570,30240,0,1
1261,35570,30264,0,1
1262,35570,30288,0,1
1263,35570,30312,0,1
1264,35570,30336,0,1
1265,35570,30360,0,1
1266,35570,30384,0,1
1267,35570,30408,0,1
1268,35570,30432,0,1
1269,35570,30456,0,1
1270,35570,30480,0,1
1271,35570,30504,0,1
1272,35570,30528,0,1
1273,35570,30552,0,1
1274,35570,30576,0,1
1275,35570,30600,0,1
1276,35570,30624,0,1
1277,35570,30648,0,1
1278,35570,30672,0,1
1279,35570,30696,0,1
1280,35570,30720,0,1
1281,35570,30744,0,1
1282,35570,30768,0,1
1283,35570,30792,0,1
1284,35570,30816,0,1
1285,35570,30840,0,1
1286,35570,30864,0,1
1287,35570,30888,0,1
1288,35570,30912,0,1
1289,35570,30936,0,1
1290,35570,30960,0,1
1291,35570,30984,0,1
1292,35570,31008,0,1
1293,35570,31032,0,1
1294,35570,31056,0,1
1295,35570,31080,0,1
1296,35570,31104,0,1
1297,35570,31128,0,1
1298,35570,31152,0,1
1299,35570,31176,0,1
1300,35570,31200,0,1
1301,35570,31224,0,1
1302,35570,31248,0,1
1303,35570,31272,0,1
1304,35570,31296,0,1
1305,35570,31320,0,1
1306,35570,31344,0,1
1307,35570,31368,0,1
1308,35570,31392,0,1
1309,35570,31416,0,1
1310,35570,31440,0,1
1311,35570,31464,0,1
1312,35570,31488,0,1
1313,35570,31512,0,1
1314,35570,31536,0,1
1315,35570,31560,0,1
1316,35570,31584,0,1
1317,35570,31608,0,1
1318,35570,31632,0,1
1319,35570,31656,0,1
1320,35570,31680,0,1
1321,35570,31704,0,1
1322,35570,31728,0,1
1323,35570,31752,0,1
1324,35570,31776,0,1
1325,35570,31800,0,1
1326,35570,31824,0,1
1327,35570,31848,0,1
1328,35570,31872,0,1
1329,35570,31896,0,1
1330,35570,31920,0,1
1331,35570,31944,0,1
1332,35570,31968,0,1
1333,35570,31992,0,1
1334,35570,32016,0,1
1335,35570,32040,0,1
1336,35570,32064,0,1
1337,35570,32088,0,1
1338,35570,32112,0,1
1339,35570,32136,0,1
1340,35570,32160,0,1
1341,35570,32184,0,1
1342,35570,32208,0,1
1343,35570,32232,0,1
1344,35570,32256,0,1
1345,35570,32280,0,1
1346,35570,32304,0,1
1347,35570,32328,0,1
1348,35570,32352,0,1
1349,35570,32376,0,1
1350,35570,32400,0,1
1351,35570,32424,0,1
1352,35570,32448,0,1
1353,35570,32472,0,1
1354,35570,32496,0,1
1355,35570,32520,0,1
1356,35570,32544,0,1
1357,35570,32568,0,1
1358,35570,32592,0,1
1359,35570,32616,0,1
1360,35570,32640,0,1
1361,35570,32664,0,1
1362,35570,32688,0,1
1363,35570,32712,0,1
1364,35570,32736,0,1
1365,35570,32760,0,1
1366,35570,32784,0,1
1367,35570,32808,0,1
1368,35570,32832,0,1
1369,35570,32856,0,1
1370,35570,32880,0,1
1371,35570,32904,0,1
1372,35570,32928,0,1
1373,35570,32952,0,1
1374,35570,32976,0,1
1375,35570,33000,0,1
1376,35570,33024,0,1
1377,35570,33048,0,1
1378,35570,33072,0,1
1379,35570,33096,0,1
1380,35570,33120,0,1
1381,35570,33144,0,1
1382,35570,33168,0,1
1383,35570,33192,0,1
1384,35570,33216,0,1
1385,35570,33240,0,1
1386,35570,33264,0,1
1387,35570,33288,0,1
1388,35570,33312,0,1
1389,35570,33336,0,1
1390,35570,33360,0,1
1391,35570,33384,0,1
1392,35570,33408,0,1
1393,35570,33432,0,1
1394,35570,33456,0,1
1395,35570,33480,0,1
1396,35570,33504,0,1
1397,35570,33528,0,1
1398,35570,33552,0,1
1399,35570,33576,0,1
1400,35570,33600,0,1
1401,35570,33624,0,1
1402,35570,33648,0,1
1403,35570,33672,0,1
1404,35570,33696,0,1
1405,35570,33720,0,1
1406,35570,33744,0,1
1407,35570,33768,0,1
1408,35570,33792,0,1
1409,35570,33816,0,1
1410,35570,33840,0,1
1411,35570,33864,0,1
1412,35570,33888,0,1
1413,35570,33912,0,1
1414,35570,33936,0,1
1415,35570,33960,0,1
1416,35570,33984,0,1
1417,35570,34008,0,1
1418,35570,34032,0,1
1419,35570,34056,0,1
1420,35570,34080,0,1
1421,35570,34104,0,1
1422,35570,34128,0,1
1423,35570,34152,0,1
1424,35570,34176,0,1
1425,35570,34200,0,1
1426,35570,34224,0,1
1427,35570,34248,0,1
1428,35570,34272,0,1
1429,35570,34296,0,1
1430,35570,34320,0,1
1431,35570,34344,0,1
1432,35570,34368,0,1
1433,35570,34392,0,1
1434,35570,34416,0,1
1435,35570,34440,0,1
1436,35570,34464,0,1
1437,35570,34488,0,1
1438,35570,34512,0,1
1439,35570,34536,0,1
1440,35570,34560,0,1
1441,35570,34584,0,1
1442,35570,34608,0,1
1443,35570,34632,0,1
1444,35570,34656,0,1
1445,35570,34680,0,1
1446,35570,34704,0,1
1447,35570,34728,0,1
1448,35570,34752,0,1
1449,35570,34776,0,1
1450,35570,34800,0,1
1451,35570,34824,0,1
1452,35570,34848,0,1
1453,35570,34872,0,1
1454,35570,34896,0,1
1455,35570,34920,0,1
1456,35570,34944,0,1
1457,35570,34968,0,1
1458,35570,34992,0,1
1459,35570,35016,0,1
1460,35570,35040,0,1
1461,35570,35064,0,1
1462,35570,35088,0,1
1463,35570,35112,0,1
1464,35570,35136,0,1
1465,35570,35160,0,1
1466,35570,35184,0,1
1467,35570,35208,0,1
1468,35570,35232,0,1
1469,35570,35256,0,1
1470,35570,35280,0,1
1471,35570,35304,0,1
1472,35570,35328,0,1
1473,35570,35352,0,1
1474,35570,35376,0,1
1475,35570,35400,0,1
1476,35570,35424,0,1
1477,35570,35448,0,1
1478,35570,35472,0,1
1479,35570,35496,0,1
1480,35570,35520,0,1
1481,35570,35544,0,1
1482,35570,35568,0,1
1483,35570,35592,0,1
1484,35570,35616,0,1
1485,35570,35640,0,1
1486,35570,35664,0,1
1487,35570,35688,0,1
1488,35570,35712,0,1
1489,35570,35736,0,1
1490,35570,35760,0,1
1491,35570,35784,0,1
1492,35570,35808,0,1
1493,35570,35832,0,1
1494,35570,35856,0,1
1495,35570,35880,0,1
1496,35570,35904,0,1
1497,35570,35928,0,1
1498,35570,35952,0,1
1499,35570,35976,0,1
1500,35570,36000,0,1
1501,35570,36024,0,1
1502,35570,36048,0,1
1503,35570,36072,0,1
1504,35570,36096,0,1
1505,35570,36120,0,1
1506,35570,36144,0,1
1507,35570,36168,0,1
1508,35570,36192,0,1
1509,35570,36216,0,1
1510,35570,36240,0,1
1511,35570,36264,0,1
1512,35570,36288,0,1
1513,35570,36312,0,1
1514,35570,36336,0,1
1515,35570,36360,0,1
1516,35570,36384,0,1
1517,35570,36408,0,1
1518,35570,36432,0,1
1519,35570,36456,0,1
1520,35570,36480,0,1
1521,35570,36504,0,1
1522,35570,36528,0,1
1523,35570,36552,0,1
1524,35570,36576,0,1
1525,35570,36600,0,1
1526,35570,36624,0,1
1527,35570,36648,0,1
1528,35570,36672,0,1
1529,35570,36696,0,1
1530,35570,36720,0,1
1531,35570,36744,0,1
1532,35570,36768,0,1
1533,35570,36792,0,1
1534,35570,36816,0,1
1535,35570,36840,0,1
1536,35570,36864,0,1
1537,35570,36888,0,1
1538,35570,36912,0,1
1539,35570,36936,0,1
1540,35570,36960,0,1
1541,35570,36984,0,1
1542,35570,37008,0,1
1543,35570,37032,0,1
1544,35570,37056,0,1
1545,35570,37080,0,1
1546,35570,37104,0,1
1547,35570,37128,0,1
1548,35570,37152,0,1
1549,35570,37176,0,1
1550,35570,37200,0,1
1551,35570,37224,0,1
1552,35570,37248,0,1
1553,35570,37272,0,1
1554,35570,37296,0,1
1555,35570,37320,0,1
1556,35570,37344,0,1
1557,35570,37368,0,1
1558,35570,37392,0,1
1559,35570,37416,0,1
1560,35570,37440,0,1
1561,35570,37464,0,1
1562,35570,37488,0,1
1563,35570,37512,0,1
1564,35570,37536,0,1
1565,35570,37560,0,1
1566,35570,37584,0,1
1567,35570,37608,0,1
1568,35570,37632,0,1
1569,35570,37656,0,1
1570,35570,37680,0,1
1571,35570,37704,0,1
1572,35570,37728,0,1
1573,35570,37752,0,1
1574,35570,37776,0,1
1575,35570,37800,0,1
1576,35570,37824,0,1
1577,35570,37848,0,1
1578,35570,37872,0,1
1579,35570,37896,0,1
1580,35570,37920,0,1
1581,35570,37944,0,1
1582,35570,37968,0,1
1583,35570,37992,0,1
1584,35570,38016,0,1
1585,35570,38040,0,1
1586,35570,38064,0,1
1587,35570,38088,0,1
1588,35570,38112,0,1
1589,35570,38136,0,1
1590,35570,38160,0,1
1591,35570,38184,0,1
1592,35570,38208,0,1
1593,35570,38232,0,1
1594,35570,38256,0,1
1595,35570,38280,0,1
1596,35570,38304,0,1
1597,35570,38328,0,1
1598,35570,38352,0,1
1599,35570,38376,0,1
1600,35570,38400,0,1
1601,35570,38424,0,1
1602,35570,38448,0,1
1603,35570,38472,0,1
1604,35570,38496,0,1
1605,35570,38520,0,1
1606,35570,38544,0,1
1607,35570,38568,0,1
1608,35570,38592,1,0
1609,35570,38616,0,1
1610,35570,38640,0,1
1611,35570,38664,0,1
1612,35570,38688,0,1
1613,35570,38712,0,1
1614,35570,38736,0,1
1615,35570,38760,0,1
1616,35570,38784,0,1
1617,35570,38808,0,1
1618,35570,38832,0,1
1619,35570,38856,0,1
1620,35570,38880,0,1
1621,35570,38904,0,1
1622,35570,38928,0,1
1623,35570,38952,0,1
1624,35570,38976,0,1
1625,35570,39000,0,1
1626,35570,39024,0,1
1627,35570,39048,0,1
1628,35570,39072,0,1
1629,35570,39096,0,1
1630,35570,39120,0,1
1631,35570,39144,0,1
1632,35570,39168,0,1
1633,35570,39192,0,1
1634,35570,39216,0,1
1635,35570,39240,0,1
1636,35570,39264,0,1
1637,35570,39288,0,1
1638,35570,39312,0,1
1639,35570,39336,0,1
1640,35570,39360,0,1
1641,35570,39384,0,1
1642,35570,39408,0,1
1643,35570,39432,0,1
1644,35570,39456,0,1
1645,35570,39480,0,1
1646,35570,39504,0,1
1647,35570,39528,0,1
1648,35570,39552,0,1
1649,35570,39576,0,1
1650,35570,39600,0,1
1651,35570,39624,0,1
1652,35570,39648,0,1
1653,35570,39672,0,1
1654,35570,39696,0,1
1655,35570,39720,0,1
1656,35570,39744,0,1
1657,35570,39768,0,1
1658,35570,39792,0,1
1659,35570,39816,0,1
1660,35570,39840,0,1
1661,35570,39864,0,1
1662,35570,39888,0,1
1663,35570,39912,0,1
1664,35570,39936,0,1
1665,35570,39960,0,1
1666,35570,39984,0,1
1667,35570,40008,0,1
1668,35570,40032,0,1
1669,35570,40056,0,1
1670,35570,40080,0,1
1671,35570,40104,1,0
1672,35570,40128,0,1
1673,35570,40152,0,1
1674,35570,40176,0,1
1675,35570,40200,0,1
1676,35570,40224,0,1
1677,35570,40248,0,1
1678,35570,40272,0,1
1679,35570,40296,0,1
1680,35570,40320,0,1
1681,35570,40344,0,1
1682,35570,40368,0,1
1683,35570,40392,0,1
1684,35570,40416,0,1
1685,35570,40440,0,1
1686,35570,40464,0,1
1687,35570,40488,0,1
1688,35570,40512,0,1
1689,35570,40536,1,0
1690,35570,40560,1,0
1691,35570,40584,0,1
1692,35570,40608,0,1
1693,35570,40632,1,0
1694,35570,40656,0,1
1695,35570,40680,0,1
1696,35570,40704,0,1
1697,35570,40728,0,1
1698,35570,40752,0,1
1699,35570,40776,0,1
1700,35570,40800,0,1
1701,35570,40824,0,1
1702,35570,40848,0,1
1703,35570,40872,0,1
1704,35570,40896,0,1
1705,35570,40920,0,1
1706,35570,40944,0,1
1707,35570,40968,0,1
1708,35570,40992,0,1
1709,35570,41016,0,1
1710,35570,41040,0,1
1711,35570,41064,0,1
1712,35570,41088,0,1
1713,35570,41112,1,0
1714,35570,41136,1,0
1715,35570,41160,1,0
1716,35570,41184,1,0
1717,35570,41208,1,0
1718,35570,41232,1,0
1719,35570,41256,1,0
1720,35570,41280,1,0
1721,35570,41304,1,0
1722,35570,41328,1,0
1723,35570,41352,1,0
1724,35570,41376,1,0
1725,35570,41400,1,0
1726,35570,41424,0,1
1727,35570,41448,0,1
1728,35570,41472,0,1
1729,35570,41496,0,1
1730,35570,41520,0,1
1731,35570,41544,0,1
1732,35570,41568,0,1
1733,35570,41592,0,1
1734,35570,41616,0,1
1735,35570,41640,0,1
1736,35570,41664,0,1
1737,35570,41688,0,1
1738,35570,41712,0,1
1739,35570,41736,0,1
1740,35570,41760,0,1
1741,35570,41784,0,1
1742,35570,41808,0,1
1743,35570,41832,0,1
1744,35570,41856,0,1
1745,35570,41880,0,1
1746,35570,41904,0,1
1747,35570,41928,0,1
1748,35570,41952,0,1
1749,35570,41976,0,1
1750,35570,42000,0,1
1751,35570,42024,0,1
1752,35570,42048,0,1
1753,35570,42072,0,1
1754,35570,42096,0,1
1755,35570,42120,0,1
1756,35570,42144,0,1
1757,35570,42168,0,1
1758,35570,42192,0,1
1759,35570,42216,0,1
1760,35570,42240,0,1
1761,35570,42264,0,1
1762,35570,42288,0,1
1763,35570,42312,0,1
1764,35570,42336,0,1
1765,35570,42360,0,1
1766,35570,42384,0,1
1767,35570,42408,0,1
1768,35570,42432,0,1
1769,35570,42456,0,1
1770,35570,42480,0,1
1771,35570,42504,0,1
1772,35570,42528,0,1
1773,35570,42552,0,1
1774,35570,42576,0,1
1775,35570,42600,0,1
1776,35570,42624,0,1
1777,35570,42648,0,1
1778,35570,42672,0,1
1779,35570,42696,0,1
1780,35570,42720,0,1
1781,35570,42744,0,1
1782,35570,42768,0,1
1783,35570,42792,0,1
1784,35570,42816,0,1
1785,35570,42840,0,1
1786,35570,42864,0,1
1787,35570,42888,0,1
1788,35570,42912,0,1
1789,35570,42936,0,1
1790,35570,42960,0,1
1791,35570,42984,0,1
1792,35570,43008,0,1
1793,35570,43032,0,1
1794,35570,43056,0,1
1795,35570,43080,0,1
1796,35570,43104,0,1
1797,35570,43128,0,1
1798,35570,43152,0,1
1799,35570,43176,0,1
1800,35570,43200,0,1
1801,35570,43224,0,1
1802,35570,43248,0,1
1803,35570,43272,0,1
1804,35570,43296,0,1
1805,35570,43320,0,1
1806,35570,43344,0,1
1807,35570,43368,0,1
1808,35570,43392,0,1
1809,35570,43416,0,1
1810,35570,43440,0,1
1811,35570,43464,0,1
1812,35570,43488,0,1
1813,35570,43512,0,1
1814,35570,43536,0,1
1815,35570,43560,0,1
1816,35570,43584,0,1
1817,35570,43608,0,1
1818,35570,43632,0,1
1819,35570,43656,0,1
1820,35570,43680,0,1
1821,35570,43704,0,1
1822,35570,43728,0,1
1823,35570,43752,0,1
1824,35570,43776,0,1
1825,35570,43800,0,1
1826,35570,43824,0,1
1827,35570,43848,0,1
1828,35570,43872,0,1
1829,35570,43896,0,1
1830,35570,43920,0,1
1831,35570,43944,0,1
1832,35570,43968,0,1
1833,35570,43992,0,1
1834,35570,44016,0,1
1835,35570,44040,0,1
1836,35570,44064,0,1
1837,35570,44088,0,1
1838,35570,44112,0,1
1839,35570,44136,0,1
1840,35570,44160,0,1
1841,35570,44184,0,1
1842,35570,44208,0,1
1843,35570,44232,0,1
1844,35570,44256,0,1
1845,35570,44280,0,1
1846,35570,44304,0,1
1847,35570,44328,0,1
1848,35570,44352,0,1
1849,35570,44376,0,1
1850,35570,44400,0,1
1851,35570,44424,0,1
1852,35570,44448,0,1
1853,35570,44472,0,1
1854,35570,44496,0,1
1855,35570,44520,0,1
1856,35570,44544,0,1
1857,35570,44568,0,1
1858,35570,44592,0,1
1859,35570,44616,0,1
1860,35570,44640,0,1
1861,35570,44664,0,1
1862,35570,44688,0,1
1863,35570,44712,0,1
1864,35570,44736,0,1
1865,35570,44760,0,1
1866,35570,44784,0,1
1867,35570,44808,0,1
1868,35570,44832,0,1
1869,35570,44856,0,1
1870,35570,44880,0,1
1871,35570,44904,0,1
1872,35570,44928,0,1
1873,35570,44952,0,1
1874,35570,44976,0,1
1875,35570,45000,0,1
1876,35570,45024,0,1
1877,35570,45048,0,1
1878,35570,45072,0,1
1879,35570,45096,0,1
1880,35570,45120,0,1
1881,35570,45144,1,0
1882,35570,45168,1,0
1883,35570,45192,0,1
1884,35570,45216,0,1
1885,35570,45240,0,1
1886,35570,45264,0,1
1887,35570,45288,0,1
1888,35570,45312,0,1
1889,35570,45336,0,1
1890,35570,45360,1,0
1891,35570,45384,0,1
1892,35570,45408,0,1
1893,35570,45432,0,1
1894,35570,45456,0,1
1895,35570,45480,0,1
1896,35570,45504,0,1
1897,35570,45528,0,1
1898,35570,45552,1,0
1899,35570,45576,0,1
1900,35570,45600,0,1
1901,35570,45624,0,1
1902,35570,45648,0,1
1903,35570,45672,0,1
1904,35570,45696,0,1
1905,35570,45720,0,1
1906,35570,45744,0,1
1907,35570,45768,0,1
1908,35570,45792,0,1
1909,35570,45816,0,1
1910,35570,45840,0,1
1911,35570,45864,0,1
1912,35570,45888,0,1
1913,35570,45912,0,1
1914,35570,45936,0,1
1915,35570,45960,0,1
1916,35570,45984,0,1
1917,35570,46008,0,1
1918,35570,46032,0,1
1919,35570,46056,0,1
1920,35570,46080,0,1
1921,35570,46104,0,1
1922,35570,46128,0,1
1923,35570,46152,0,1
1924,35570,46176,0,1
1925,35570,46200,0,1
1926,35570,46224,0,1
1927,35570,46248,0,1
1928,35570,46272,0,1
1929,35570,46296,0,1
1930,35570,46320,0,1
1931,35570,46344,0,1
1932,35570,46368,0,1
1933,35570,46392,0,1
1934,35570,46416,0,1
1935,35570,46440,0,1
1936,35570,46464,0,1
1937,35570,46488,0,1
1938,35570,46512,0,1
1939,35570,46536,0,1
1940,35570,46560,0,1
1941,35570,46584,0,1
1942,35570,46608,0,1
1943,35570,46632,0,1
1944,35570,46656,0,1
1945,35570,46680,0,1
1946,35570,46704,0,1
1947,35570,46728,0,1
1948,35570,46752,0,1
1949,35570,46776,0,1
1950,35570,46800,0,1
1951,35570,46824,0,1
1952,35570,46848,0,1
1953,35570,46872,0,1
1954,35570,46896,0,1
1955,35570,46920,0,1
1956,35570,46944,0,1
1957,35570,46968,0,1
1958,35570,46992,0,1
1959,35570,47016,0,1
1960,35570,47040,0,1
1961,35570,47064,0,1
1962,35570,47088,0,1
1963,35570,47112,0,1
1964,35570,47136,0,1
1965,35570,47160,0,1
1966,35570,47184,0,1
1967,35570,47208,0,1
1968,35570,47232,0,1
1969,35570,47256,0,1
1970,35570,47280,0,1
1971,35570,47304,0,1
1972,35570,47328,0,1
1973,35570,47352,0,1
1974,35570,47376,0,1
1975,35570,47400,0,1
1976,35570,47424,0,1
1977,35570,47448,0,1
1978,35570,47472,0,1
1979,35570,47496,0,1
1980,35570,47520,0,1
1981,35570,47544,0,1
1982,35570,47568,0,1
1983,35570,47592,0,1
1984,35570,47616,0,1
1985,35570,47640,0,1
1986,35570,47664,0,1
1987,35570,47688,0,1
1988,35570,47712,0,1
1989,35570,47736,0,1
1990,35570,47760,0,1
1991,35570,47784,0,1
1992,35570,47808,0,1
1993,35570,47832,0,1
1994,35570,47856,0,1
1995,35570,47880,0,1
1996,35570,47904,0,1
1997,35570,47928,0,1
1998,35570,47952,0,1
1999,35570,47976,0,1
2000,35570,48000,0,1
2001,35570,48024,0,1
2002,35570,48048,0,1
2003,35570,48072,0,1
2004,35570,48096,0,1
2005,35570,48120,0,1
2006,35570,48144,0,1
2007,35570,48168,0,1
2008,35570,48192,0,1
2009,35570,48216,0,1
2010,35570,48240,0,1
2011,35570,48264,0,1
2012,35570,48288,0,1
2013,35570,48312,0,1
2014,35570,48336,0,1
2015,35570,48360,0,1
2016,35570,48384,0,1
2017,35570,48408,0,1
2018,35570,48432,0,1
2019,35570,48456,0,1
2020,35570,48480,0,1
2021,35570,48504,0,1
2022,35570,48528,0,1
2023,35570,48552,0,1
2024,35570,48576,0,1
2025,35570,48600,0,1
2026,35570,48624,0,1
2027,35570,48648,0,1
2028,35570,48672,0,1
2029,35570,48696,0,1
2030,35570,48720,0,1
2031,35570,48744,0,1
2032,35570,48768,0,1
2033,35570,48792,0,1
2034,35570,48816,0,1
2035,35570,48840,0,1
2036,35570,48864,0,1
2037,35570,48888,0,1
2038,35570,48912,0,1
2039,35570,48936,0,1
2040,35570,48960,0,1
2041,35570,48984,0,1
2042,35570,49008,0,1
2043,35570,49032,0,1
2044,35570,49056,0,1
2045,35570,49080,0,1
2046,35570,49104,0,1
2047,35570,49128,0,1
2048,35570,49152,0,1
2049,35570,49176,0,1
2050,35570,49200,0,1
2051,35570,49224,0,1
2052,35570,49248,0,1
2053,35570,49272,0,1
2054,35570,49296,0,1
2055,35570,49320,0,1
2056,35570,49344,0,1
2057,35570,49368,0,1
2058,35570,49392,0,1
2059,35570,49416,0,1
2060,35570,49440,1,0
2061,35570,49464,0,1
2062,35570,49488,0,1
2063,35570,49512,0,1
2064,35570,49536,0,1
2065,35570,49560,0,1
2066,35570,49584,0,1
2067,35570,49608,0,1
2068,35570,49632,0,1
2069,35570,49656,0,1
2070,35570,49680,0,1
2071,35570,49704,0,1
2072,35570,49728,0,1
2073,35570,49752,0,1
2074,35570,49776,0,1
2075,35570,49800,0,1
2076,35570,49824,0,1
2077,35570,49848,0,1
2078,35570,49872,0,1
2079,35570,49896,0,1
2080,35570,49920,0,1
2081,35570,49944,0,1
2082,35570,49968,0,1
2083,35570,49992,0,1
2084,35570,50016,0,1
2085,35570,50040,0,1
2086,35570,50064,0,1
2087,35570,50088,0,1
2088,35570,50112,0,1
2089,35570,50136,0,1
2090,35570,50160,0,1
2091,35570,50184,0,1
2092,35570,50208,0,1
2093,35570,50232,0,1
2094,35570,50256,0,1
2095,35570,50280,0,1
2096,35570,50304,0,1
2097,35570,50328,0,1
2098,35570,50352,0,1
2099,35570,50376,0,1
2100,35570,50400,0,1
2101,35570,50424,0,1
2102,35570,50448,0,1
2103,35570,50472,0,1
2104,35570,50496,0,1
2105,35570,50520,0,1
2106,35570,50544,0,1
2107,35570,50568,0,1
2108,35570,50592,0,1
2109,35570,50616,0,1
2110,35570,50640,0,1
2111,35570,50664,0,1
2112,35570,50688,0,1
2113,35570,50712,0,1
2114,35570,50736,0,1
2115,35570,50760,0,1
2116,35570,50784,0,1
2117,35570,50808,0,1
2118,35570,50832,0,1
2119,35570,50856,0,1
2120,35570,50880,0,1
2121,35570,50904,0,1
2122,35570,50928,0,1
2123,35570,50952,0,1
2124,35570,50976,0,1
2125,35570,51000,0,1
2126,35570,51024,0,1
2127,35570,51048,0,1
2128,35570,51072,0,1
2129,35570,51096,0,1
2130,35570,51120,0,1
2131,35570,51144,0,1
2132,35570,51168,0,1
2133,35570,51192,0,1
2134,35570,51216,0,1
2135,35570,51240,0,1
2136,35570,51264,0,1
2137,35570,51288,0,1
2138,35570,51312,0,1
2139,35570,51336,1,0
2140,35570,51360,0,1
2141,35570,51384,1,0
2142,35570,51408,0,1
2143,35570,51432,0,1
2144,35570,51456,0,1
2145,35570,51480,0,1
2146,35570,51504,0,1
2147,35570,51528,0,1
2148,35570,51552,0,1
2149,35570,51576,0,1
2150,35570,51600,0,1
2151,35570,51624,0,1
2152,35570,51648,0,1
2153,35570,51672,0,1
2154,35570,51696,0,1
2155,35570,51720,0,1
2156,35570,51744,0,1
2157,35570,51768,0,1
2158,35570,51792,0,1
2159,35570,51816,0,1
2160,35570,51840,0,1
2161,35570,51864,0,1
2162,35570,51888,0,1
2163,35570,51912,0,1
2164,35570,51936,0,1
2165,35570,51960,0,1
2166,35570,51984,0,1
2167,35570,52008,0,1
2168,35570,52032,0,1
2169,35570,52056,0,1
2170,35570,52080,0,1
2171,35570,52104,0,1
2172,35570,52128,0,1
2173,35570,52152,0,1
2174,35570,52176,0,1
2175,35570,52200,0,1
2176,35570,52224,0,1
2177,35570,52248,0,1
2178,35570,52272,0,1
2179,35570,52296,0,1
2180,35570,52320,1,0
2181,35570,52344,0,1
2182,35570,52368,0,1
2183,35570,52392,1,0
2184,35570,52416,0,1
2185,35570,52440,0,1
2186,35570,52464,0,1
2187,35570,52488,0,1
2188,35570,52512,0,1
2189,35570,52536,0,1
2190,35570,52560,0,1
2191,35570,52584,0,1
2192,35570,52608,0,1
2193,35570,52632,0,1
2194,35570,52656,0,1
2195,35570,52680,0,1
2196,35570,52704,0,1
2197,35570,52728,0,1
2198,35570,52752,0,1
2199,35570,52776,0,1
2200,35570,52800,0,1
2201,35570,52824,0,1
2202,35570,52848,0,1
2203,35570,52872,0,1
2204,35570,52896,0,1
2205,35570,52920,0,1
2206,35570,52944,0,1
2207,35570,52968,0,1
2208,35570,52992,0,1
2209,35570,53016,0,1
2210,35570,53040,0,1
2211,35570,53064,0,1
2212,35570,53088,0,1
2213,35570,53112,0,1
2214,35570,53136,0,1
2215,35570,53160,0,1
2216,35570,53184,0,1
2217,35570,53208,0,1
2218,35570,53232,0,1
2219,35570,53256,0,1
2220,35570,53280,0,1
2221,35570,53304,0,1
2222,35570,53328,0,1
2223,35570,53352,0,1
2224,35570,53376,0,1
2225,35570,53400,0,1
2226,35570,53424,0,1
2227,35570,53448,0,1
2228,35570,53472,0,1
2229,35570,53496,0,1
2230,35570,53520,0,1
2231,35570,53544,0,1
2232,35570,53568,0,1
2233,35570,53592,0,1
2234,35570,53616,0,1
2235,35570,53640,0,1
2236,35570,53664,0,1
2237,35570,53688,0,1
2238,35570,53712,0,1
2239,35570,53736,0,1
2240,35570,53760,0,1
2241,35570,53784,0,1
2242,35570,53808,0,1
2243,35570,53832,0,1
2244,35570,53856,0,1
2245,35570,53880,0,1
2246,35570,53904,0,1
2247,35570,53928,0,1
2248,35570,53952,0,1
2249,35570,53976,0,1
2250,35570,54000,0,1
2251,35570,54024,0,1
2252,35570,54048,0,1
2253,35570,54072,0,1
2254,35570,54096,0,1
2255,35570,54120,0,1
2256,35570,54144,0,1
2257,35570,54168,0,1
2258,35570,54192,0,1
2259,35570,54216,0,1
2260,35570,54240,0,1
2261,35570,54264,0,1
2262,35570,54288,0,1
2263,35570,54312,0,1
2264,35570,54336,0,1
2265,35570,54360,0,1
2266,35570,54384,0,1
2267,35570,54408,0,1
2268,35570,54432,0,1
2269,35570,54456,0,1
2270,35570,54480,0,1
2271,35570,54504,0,1
2272,35570,54528,0,1
2273,35570,54552,0,1
2274,35570,54576,0,1
2275,35570,54600,0,1
2276,35570,54624,0,1
2277,35570,54648,0,1
2278,35570,54672,0,1
2279,35570,54696,0,1
2280,35570,54720,0,1
2281,35570,54744,0,1
2282,35570,54768,0,1
2283,35570,54792,0,1
2284,35570,54816,0,1
2285,35570,54840,0,1
2286,35570,54864,0,1
2287,35570,54888,0,1
2288,35570,54912,0,1
2289,35570,54936,0,1
2290,35570,54960,0,1
2291,35570,54984,0,1
2292,35570,55008,0,1
2293,35570,55032,0,1
2294,35570,55056,0,1
2295,35570,55080,0,1
2296,35570,55104,0,1
2297,35570,55128,0,1
2298,35570,55152,0,1
2299,35570,55176,0,1
2300,35570,55200,0,1
2301,35570,55224,0,1
2302,35570,55248,0,1
2303,35570,55272,0,1
2304,35570,55296,0,1
2305,35570,55320,0,1
2306,35570,55344,0,1
2307,35570,55368,0,1
2308,35570,55392,0,1
2309,35570,55416,0,1
2310,35570,55440,0,1
2311,35570,55464,0,1
2312,35570,55488,0,1
2313,35570,55512,0,1
2314,35570,55536,0,1
2315,35570,55560,0,1
2316,35570,55584,0,1
2317,35570,55608,0,1
2318,35570,55632,0,1
2319,35570,55656,0,1
2320,35570,55680,0,1
2321,35570,55704,0,1
2322,35570,55728,0,1
2323,35570,55752,0,1
2324,35570,55776,0,1
2325,35570,55800,0,1
2326,35570,55824,0,1
2327,35570,55848,0,1
2328,35570,55872,0,1
2329,35570,55896,0,1
2330,35570,55920,0,1
2331,35570,55944,0,1
2332,35570,55968,0,1
2333,35570,55992,0,1
2334,35570,56016,0,1
2335,35570,56040,0,1
2336,35570,56064,0,1
2337,35570,56088,0,1
2338,35570,56112,0,1
2339,35570,56136,0,1
2340,35570,56160,0,1
2341,35570,56184,0,1
2342,35570,56208,0,1
2343,35570,56232,0,1
2344,35570,56256,0,1
2345,35570,56280,0,1
2346,35570,56304,0,1
2347,35570,56328,0,1
2348,35570,56352,0,1
2349,35570,56376,0,1
2350,35570,56400,0,1
2351,35570,56424,0,1
2352,35570,56448,0,1
2353,35570,56472,0,1
2354,35570,56496,0,1
2355,35570,56520,0,1
2356,35570,56544,0,1
2357,35570,56568,0,1
2358,35570,56592,0,1
2359,35570,56616,0,1
2360,35570,56640,0,1
2361,35570,56664,0,1
2362,35570,56688,0,1
2363,35570,56712,0,1
2364,35570,56736,0,1
2365,35570,56760,0,1
2366,35570,56784,0,1
2367,35570,56808,0,1
2368,35570,56832,0,1
2369,35570,56856,0,1
2370,35570,56880,0,1
2371,35570,56904,0,1
2372,35570,56928,0,1
2373,35570,56952,0,1
2374,35570,56976,0,1
2375,35570,57000,0,1
2376,35570,57024,0,1
2377,35570,57048,0,1
2378,35570,57072,0,1
2379,35570,57096,0,1
2380,35570,57120,0,1
2381,35570,57144,0,1
2382,35570,57168,0,1
2383,35570,57192,0,1
2384,35570,57216,0,1
2385,35570,57240,0,1
2386,35570,57264,0,1
2387,35570,57288,0,1
2388,35570,57312,0,1
2389,35570,57336,0,1
2390,35570,57360,0,1
2391,35570,57384,0,1
2392,35570,57408,0,1
2393,35570,57432,0,1
2394,35570,57456,0,1
2395,35570,57480,0,1
2396,35570,57504,0,1
2397,35570,57528,0,1
2398,35570,57552,0,1
2399,35570,57576,0,1
2400,35570,57600,0,1
2401,35570,57624,0,1
2402,35570,57648,0,1
2403,35570,57672,0,1
2404,35570,57696,0,1
2405,35570,57720,0,1
2406,35570,57744,0,1
2407,35570,57768,0,1
2408,35570,57792,0,1
2409,35570,57816,0,1
2410,35570,57840,0,1
2411,35570,57864,0,1
2412,35570,57888,0,1
2413,35570,57912,0,1
2414,35570,57936,0,1
2415,35570,57960,0,1
2416,35570,57984,0,1
2417,35570,58008,0,1
2418,35570,58032,0,1
2419,35570,58056,0,1
2420,35570,58080,0,1
2421,35570,58104,0,1
2422,35570,58128,0,1
2423,35570,58152,0,1
2424,35570,58176,0,1
2425,35570,58200,0,1
2426,35570,58224,0,1
2427,35570,58248,0,1
2428,35570,58272,0,1
2429,35570,58296,0,1
2430,35570,58320,0,1
2431,35570,58344,0,1
2432,35570,58368,0,1
2433,35570,58392,0,1
2434,35570,58416,0,1
2435,35570,58440,0,1
2436,35570,58464,0,1
2437,35570,58488,0,1
2438,35570,58512,0,1
2439,35570,58536,0,1
2440,35570,58560,0,1
2441,35570,58584,0,1
2442,35570,58608,0,1
2443,35570,58632,0,1
2444,35570,58656,0,1
2445,35570,58680,0,1
2446,35570,58704,0,1
2447,35570,58728,0,1
2448,35570,58752,0,1
2449,35570,58776,0,1
2450,35570,58800,0,1
2451,35570,58824,0,1
2452,35570,58848,0,1
2453,35570,58872,0,1
2454,35570,58896,0,1
2455,35570,58920,0,1
2456,35570,58944,0,1
2457,35570,58968,0,1
2458,35570,58992,0,1
2459,35570,59016,0,1
2460,35570,59040,0,1
2461,35570,59064,0,1
2462,35570,59088,0,1
2463,35570,59112,0,1
2464,35570,59136,0,1
2465,35570,59160,0,1
2466,35570,59184,0,1
2467,35570,59208,0,1
2468,35570,59232,0,1
2469,35570,59256,0,1
2470,35570,59280,0,1
2471,35570,59304,0,1
2472,35570,59328,0,1
2473,35570,59352,0,1
2474,35570,59376,0,1
2475,35570,59400,0,1
2476,35570,59424,0,1
2477,35570,59448,0,1
2478,35570,59472,0,1
2479,35570,59496,0,1
2480,35570,59520,0,1
2481,35570,59544,0,1
2482,35570,59568,0,1
2483,35570,59592,0,1
2484,35570,59616,0,1
2485,35570,59640,0,1
2486,35570,59664,0,1
2487,35570,59688,0,1
2488,35570,59712,0,1
2489,35570,59736,0,1
2490,35570,59760,0,1
2491,35570,59784,0,1
2492,35570,59808,0,1
2493,35570,59832,0,1
2494,35570,59856,0,1
2495,35570,59880,0,1
2496,35570,59904,0,1
2497,35570,59928,0,1
2498,35570,59952,0,1
2499,35570,59976,0,1
2500,35570,60000,0,1
2501,35570,60024,0,1
2502,35570,60048,0,1
2503,35570,60072,0,1
2504,35570,60096,0,1
2505,35570,60120,0,1
2506,35570,60144,0,1
2507,35570,60168,0,1
2508,35570,60192,0,1
2509,35570,60216,0,1
2510,35570,60240,0,1
2511,35570,60264,0,1
2512,35570,60288,0,1
2513,35570,60312,0,1
2514,35570,60336,0,1
2515,35570,60360,0,1
2516,35570,60384,0,1
2517,35570,60408,0,1
2518,35570,60432,0,1
2519,35570,60456,0,1
2520,35570,60480,0,1
2521,35570,60504,0,1
2522,35570,60528,0,1
2523,35570,60552,0,1
2524,35570,60576,0,1
2525,35570,60600,0,1
2526,35570,60624,0,1
2527,35570,60648,0,1
2528,35570,60672,0,1
2529,35570,60696,0,1
2530,35570,60720,0,1
2531,35570,60744,0,1
2532,35570,60768,0,1
2533,35570,60792,0,1
2534,35570,60816,0,1
2535,35570,60840,0,1
2536,35570,60864,0,1
2537,35570,60888,0,1
2538,35570,60912,0,1
2539,35570,60936,0,1
2540,35570,60960,0,1
2541,35570,60984,0,1
2542,35570,61008,0,1
2543,35570,61032,0,1
2544,35570,61056,0,1
2545,35570,61080,0,1
2546,35570,61104,0,1
2547,35570,61128,0,1
2548,35570,61152,0,1
2549,35570,61176,0,1
2550,35570,61200,0,1
2551,35570,61224,0,1
2552,35570,61248,0,1
2553,35570,61272,0,1
2554,35570,61296,0,1
2555,35570,61320,0,1
2556,35570,61344,0,1
2557,35570,61368,0,1
2558,35570,61392,0,1
2559,35570,61416,0,1
2560,35570,61440,0,1
2561,35570,61464,0,1
2562,35570,61488,0,1
2563,35570,61512,0,1
2564,35570,61536,0,1
2565,35570,61560,0,1
2566,35570,61584,0,1
2567,35570,61608,0,1
2568,35570,61632,0,1
2569,35570,61656,0,1
2570,35570,61680,0,1
2571,35570,61704,0,1
2572,35570,61728,0,1
2573,35570,61752,0,1
2574,35570,61776,0,1
2575,35570,61800,0,1
2576,35570,61824,0,1
2577,35570,61848,0,1
2578,35570,61872,0,1
2579,35570,61896,0,1
2580,35570,61920,0,1
2581,35570,61944,0,1
2582,35570,61968,0,1
2583,35570,61992,0,1
2584,35570,62016,0,1
2585,35570,62040,0,1
2586,35570,62064,0,1
2587,35570,62088,0,1
2588,35570,62112,0,1
2589,35570,62136,0,1
2590,35570,62160,0,1
2591,35570,62184,0,1
2592,35570,62208,0,1
2593,35570,62232,0,1
2594,35570,62256,0,1
2595,35570,62280,0,1
2596,35570,62304,0,1
2597,35570,62328,0,1
2598,35570,62352,0,1
2599,35570,62376,0,1
2600,35570,62400,0,1
2601,35570,62424,0,1
2602,35570,62448,0,1
2603,35570,62472,0,1
2604,35570,62496,0,1
2605,35570,62520,0,1
2606,35570,62544,0,1
2607,35570,62568,0,1
2608,35570,62592,0,1
2609,35570,62616,0,1
2610,35570,62640,0,1
2611,35570,62664,0,1
2612,35570,62688,0,1
2613,35570,62712,0,1
2614,35570,62736,0,1
2615,35570,62760,0,1
2616,35570,62784,0,1
2617,35570,62808,0,1
2618,35570,62832,0,1
2619,35570,62856,0,1
2620,35570,62880,0,1
2621,35570,62904,0,1
2622,35570,62928,0,1
2623,35570,62952,0,1
2624,35570,62976,0,1
2625,35570,63000,0,1
2626,35570,63024,0,1
2627,35570,63048,0,1
2628,35570,63072,0,1
2629,35570,63096,0,1
2630,35570,63120,0,1
2631,35570,63144,0,1
2632,35570,63168,0,1
2633,35570,63192,0,1
2634,35570,63216,0,1
2635,35570,63240,0,1
2636,35570,63264,0,1
2637,35570,63288,0,1
2638,35570,63312,0,1
2639,35570,63336,0,1
2640,35570,63360,0,1
2641,35570,63384,0,1
2642,35570,63408,0,1
2643,35570,63432,0,1
2644,35570,63456,0,1
2645,35570,63480,0,1
2646,35570,63504,0,1
2647,35570,63528,0,1
2648,35570,63552,0,1
2649,35570,63576,0,1
2650,35570,63600,0,1
2651,35570,63624,0,1
2652,35570,63648,0,1
2653,35570,63672,0,1
2654,35570,63696,0,1
2655,35570,63720,0,1
2656,35570,63744,0,1
2657,35570,63768,0,1
2658,35570,63792,0,1
2659,35570,63816,0,1
2660,35570,63840,0,1
2661,35570,63864,0,1
2662,35570,63888,0,1
2663,35570,63912,0,1
2664,35570,63936,0,1
2665,35570,63960,0,1
2666,35570,63984,0,1
2667,35570,64008,0,1
2668,35570,64032,0,1
2669,35570,64056,0,1
2670,35570,64080,0,1
2671,35570,64104,0,1
2672,35570,64128,0,1
2673,35570,64152,0,1
2674,35570,64176,0,1
2675,35570,64200,0,1
2676,35570,64224,0,1
2677,35570,64248,0,1
2678,35570,64272,0,1
2679,35570,64296,0,1
2680,35570,64320,0,1
2681,35570,64344,0,1
2682,35570,64368,0,1
2683,35570,64392,0,1
2684,35570,64416,0,1
2685,35570,64440,0,1
2686,35570,64464,0,1
2687,35570,64488,0,1
2688,35570,64512,0,1
2689,35570,64536,0,1
2690,35570,64560,0,1
2691,35570,64584,0,1
2692,35570,64608,0,1
2693,35570,64632,0,1
2694,35570,64656,0,1
2695,35570,64680,0,1
2696,35570,64704,0,1
2697,35570,64728,0,1
2698,35570,64752,0,1
2699,35570,64776,0,1
2700,35570,64800,0,1
2701,35570,64824,0,1
2702,35570,64848,0,1
2703,35570,64872,0,1
2704,35570,64896,0,1
2705,35570,64920,0,1
2706,35570,64944,0,1
2707,35570,64968,0,1
2708,35570,64992,0,1
2709,35570,65016,0,1
2710,35570,65040,0,1
2711,35570,65064,0,1
2712,35570,65088,0,1
2713,35570,65112,0,1
2714,35570,65136,0,1
2715,35570,65160,0,1
2716,35570,65184,0,1
2717,35570,65208,0,1
2718,35570,65232,0,1
2719,35570,65256,0,1
2720,35570,65280,0,1
2721,35570,65304,0,1
2722,35570,65328,0,1
2723,35570,65352,0,1
2724,35570,65376,0,1
2725,35570,65400,0,1
2726,35570,65424,0,1
2727,35570,65448,0,1
2728,35570,65472,0,1
2729,35570,65496,0,1
2730,35570,65520,0,1
2731,35570,65544,0,1
2732,35570,65568,0,1
2733,35570,65592,0,1
2734,35570,65616,0,1
2735,35570,65640,0,1
2736,35570,65664,0,1
2737,35570,65688,0,1
2738,35570,65712,0,1
2739,35570,65736,0,1
2740,35570,65760,0,1
2741,35570,65784,0,1
2742,35570,65808,0,1
2743,35570,65832,0,1
2744,35570,65856,0,1
2745,35570,65880,0,1
2746,35570,65904,0,1
2747,35570,65928,0,1
2748,35570,65952,0,1
2749,35570,65976,0,1
2750,35570,66000,0,1
2751,35570,66024,0,1
2752,35570,66048,0,1
2753,35570,66072,0,1
2754,35570,66096,0,1
2755,35570,66120,0,1
2756,35570,66144,0,1
2757,35570,66168,0,1
2758,35570,66192,0,1
2759,35570,66216,0,1
2760,35570,66240,0,1
2761,35570,66264,0,1
2762,35570,66288,0,1
2763,35570,66312,0,1
2764,35570,66336,0,1
2765,35570,66360,0,1
2766,35570,66384,0,1
2767,35570,66408,0,1
2768,35570,66432,0,1
2769,35570,66456,0,1
2770,35570,66480,0,1
2771,35570,66504,0,1
2772,35570,66528,0,1
2773,35570,66552,0,1
2774,35570,66576,0,1
2775,35570,66600,0,1
2776,35570,66624,0,1
2777,35570,66648,0,1
2778,35570,66672,0,1
2779,35570,66696,0,1
2780,35570,66720,0,1
2781,35570,66744,0,1
2782,35570,66768,0,1
2783,35570,66792,0,1
2784,35570,66816,0,1
2785,35570,66840,0,1
2786,35570,66864,0,1
2787,35570,66888,0,1
2788,35570,66912,0,1
2789,35570,66936,0,1
2790,35570,66960,0,1
2791,35570,66984,0,1
2792,35570,67008,0,1
2793,35570,67032,0,1
2794,35570,67056,0,1
2795,35570,67080,0,1
2796,35570,67104,0,1
2797,35570,67128,0,1
2798,35570,67152,0,1
2799,35570,67176,0,1
2800,35570,67200,0,1
2801,35570,67224,0,1
2802,35570,67248,0,1
2803,35570,67272,0,1
2804,35570,67296,0,1
2805,35570,67320,0,1
2806,35570,67344,0,1
2807,35570,67368,0,1
2808,35570,67392,0,1
2809,35570,67416,0,1
2810,35570,67440,0,1
2811,35570,67464,0,1
2812,35570,67488,0,1
2813,35570,67512,0,1
2814,35570,67536,0,1
2815,35570,67560,0,1
2816,35570,67584,0,1
2817,35570,67608,0,1
2818,35570,67632,0,1
2819,35570,67656,0,1
2820,35570,67680,0,1
2821,35570,67704,0,1
2822,35570,67728,0,1
2823,35570,67752,0,1
2824,35570,67776,0,1
2825,35570,67800,0,1
2826,35570,67824,0,1
2827,35570,67848,0,1
2828,35570,67872,0,1
2829,35570,67896,0,1
2830,35570,67920,0,1
2831,35570,67944,0,1
2832,35570,67968,0,1
2833,35570,67992,0,1
2834,35570,68016,0,1
2835,35570,68040,0,1
2836,35570,68064,0,1
2837,35570,68088,0,1
2838,35570,68112,0,1
2839,35570,68136,0,1
2840,35570,68160,0,1
2841,35570,68184,0,1
2842,35570,68208,0,1
2843,35570,68232,0,1
2844,35570,68256,0,1
2845,35570,68280,0,1
2846,35570,68304,0,1
2847,35570,68328,0,1
2848,35570,68352,0,1
2849,35570,68376,0,1
2850,35570,68400,0,1
2851,35570,68424,0,1
2852,35570,68448,0,1
2853,35570,68472,0,1
2854,35570,68496,0,1
2855,35570,68520,0,1
2856,35570,68544,0,1
2857,35570,68568,0,1
2858,35570,68592,0,1
2859,35570,68616,0,1
2860,35570,68640,0,1
2861,35570,68664,0,1
2862,35570,68688,0,1
2863,35570,68712,0,1
2864,35570,68736,0,1
2865,35570,68760,0,1
2866,35570,68784,0,1
2867,35570,68808,0,1
2868,35570,68832,0,1
2869,35570,68856,0,1
2870,35570,68880,0,1
2871,35570,68904,0,1
2872,35570,68928,0,1
2873,35570,68952,0,1
2874,35570,68976,0,1
2875,35570,69000,0,1
2876,35570,69024,0,1
2877,35570,69048,0,1
2878,35570,69072,0,1
2879,35570,69096,0,1
2880,35570,69120,0,1
2881,35570,69144,0,1
2882,35570,69168,0,1
2883,35570,69192,0,1
2884,35570,69216,0,1
2885,35570,69240,0,1
2886,35570,69264,0,1
2887,35570,69288,1,0
2888,35570,69312,1,0
2889,35570,69336,1,0
2890,35570,69360,1,0
2891,35570,69384,1,0
2892,35570,69408,0,1
2893,35570,69432,0,1
2894,35570,69456,0,1
2895,35570,69480,0,1
2896,35570,69504,0,1
2897,35570,69528,0,1
2898,35570,69552,0,1
2899,35570,69576,0,1
2900,35570,69600,0,1
2901,35570,69624,0,1
2902,35570,69648,0,1
2903,35570,69672,0,1
2904,35570,69696,1,0
2905,35570,69720,1,0
2906,35570,69744,1,0
2907,35570,69768,1,0
2908,35570,69792,1,0
2909,35570,69816,1,0
2910,35570,69840,1,0
2911,35570,69864,1,0
2912,35570,69888,1,0
2913,35570,69912,1,0
2914,35570,69936,1,0
2915,35570,69960,1,0
2916,35570,69984,1,0
2917,35570,70008,1,0
2918,35570,70032,1,0
2919,35570,70056,1,0
2920,35570,70080,1,0
2921,35570,70104,1,0
2922,35570,70128,1,0
2923,35570,70152,1,0
2924,35570,70176,1,0
2925,35570,70200,1,0
2926,35570,70224,1,0
2927,35570,70248,1,0
2928,35570,70272,1,0
2929,35570,70296,1,0
2930,35570,70320,1,0
2931,35570,70344,1,0
2932,35570,70368,1,0
2933,35570,70392,0,1
2934,35570,70416,1,0
2935,35570,70440,1,0
2936,35570,70464,1,0
2937,35570,70488,1,0
2938,35570,70512,1,0
2939,35570,70536,1,0
2940,35570,70560,1,0
2941,35570,70584,1,0
2942,35570,70608,1,0
2943,35570,70632,1,0
2944,35570,70656,1,0
2945,35570,70680,1,0
2946,35570,70704,1,0
2947,35570,70728,1,0
2948,35570,70752,1,0
2949,35570,70776,1,0
2950,35570,70800,1,0
2951,35570,70824,1,0
2952,35570,70848,1,0
2953,35570,70872,1,0
2954,35570,70896,0,1
2955,35570,70920,0,1
2956,35570,70944,1,0
2957,35570,70968,0,1
2958,35570,70992,0,1
2959,35570,71016,0,1
2960,35570,71040,0,1
2961,35570,71064,0,1
2962,35570,71088,0,1
2963,35570,71112,0,1
2964,35570,71136,0,1
2965,35570,71160,0,1
2966,35570,71184,0,1
2967,35570,71208,0,1
2968,35570,71232,0,1
2969,35570,71256,0,1
2970,35570,71280,0,1
2971,35570,71304,0,1
2972,35570,71328,0,1
2973,35570,71352,0,1
2974,35570,71376,0,1
2975,35570,71400,0,1
2976,35570,71424,0,1
2977,35570,71448,0,1
2978,35570,71472,0,1
2979,35570,71496,0,1
2980,35570,71520,0,1
2981,35570,71544,0,1
2982,35570,71568,0,1
2983,35570,71592,0,1
2984,35570,71616,0,1
2985,35570,71640,0,1
2986,35570,71664,0,1
2987,35570,71688,0,1
2988,35570,71712,0,1
2989,35570,71736,0,1
2990,35570,71760,0,1
2991,35570,71784,0,1
2992,35570,71808,0,1
2993,35570,71832,0,1
2994,35570,71856,0,1
2995,35570,71880,0,1
2996,35570,71904,0,1
2997,35570,71928,0,1
2998,35570,71952,0,1
2999,35570,71976,0,1
3000,35570,72000,0,1
3001,35570,72024,0,1
3002,35570,72048,0,1
3003,35570,72072,0,1
3004,35570,72096,0,1
3005,35570,72120,0,1
3006,35570,72144,0,1
3007,35570,72168,0,1
3008,35570,72192,0,1
3009,35570,72216,0,1
3010,35570,72240,0,1
3011,35570,72264,0,1
3012,35570,72288,0,1
3013,35570,72312,0,1
3014,35570,72336,0,1
3015,35570,72360,0,1
3016,35570,72384,0,1
3017,35570,72408,0,1
3018,35570,72432,0,1
3019,35570,72456,0,1
3020,35570,72480,0,1
3021,35570,72504,0,1
3022,35570,72528,0,1
3023,35570,72552,0,1
3024,35570,72576,0,1
3025,35570,72600,0,1
3026,35570,72624,0,1
3027,35570,72648,0,1
3028,35570,72672,0,1
3029,35570,72696,0,1
3030,35570,72720,0,1
3031,35570,72744,0,1
3032,35570,72768,0,1
3033,35570,72792,0,1
3034,35570,72816,0,1
3035,35570,72840,0,1
3036,35570,72864,0,1
3037,35570,72888,0,1
3038,35570,72912,0,1
3039,35570,72936,0,1
3040,35570,72960,0,1
3041,35570,72984,0,1
3042,35570,73008,0,1
3043,35570,73032,0,1
3044,35570,73056,0,1
3045,35570,73080,0,1
3046,35570,73104,0,1
3047,35570,73128,0,1
3048,35570,73152,0,1
3049,35570,73176,0,1
3050,35570,73200,0,1
3051,35570,73224,1,0
3052,35570,73248,1,0
3053,35570,73272,1,0
3054,35570,73296,1,0
3055,35570,73320,1,0
3056,35570,73344,1,0
3057,35570,73368,1,0
3058,35570,73392,1,0
3059,35570,73416,0,1
3060,35570,73440,0,1
3061,35570,73464,0,1
3062,35570,73488,0,1
3063,35570,73512,0,1
3064,35570,73536,0,1
3065,35570,73560,0,1
3066,35570,73584,0,1
3067,35570,73608,0,1
3068,35570,73632,0,1
3069,35570,73656,0,1
3070,35570,73680,0,1
3071,35570,73704,0,1
3072,35570,73728,0,1
3073,35570,73752,0,1
3074,35570,73776,0,1
3075,35570,73800,0,1
3076,35570,73824,0,1
3077,35570,73848,0,1
3078,35570,73872,0,1
3079,35570,73896,0,1
3080,35570,73920,0,1
3081,35570,73944,0,1
3082,35570,73968,0,1
3083,35570,73992,0,1
3084,35570,74016,0,1
3085,35570,74040,0,1
3086,35570,74064,0,1
3087,35570,74088,0,1
3088,35570,74112,0,1
3089,35570,74136,0,1
3090,35570,74160,0,1
3091,35570,74184,0,1
3092,35570,74208,0,1
3093,35570,74232,0,1
3094,35570,74256,0,1
3095,35570,74280,0,1
3096,35570,74304,0,1
3097,35570,74328,0,1
3098,35570,74352,0,1
3099,35570,74376,0,1
3100,35570,74400,0,1
3101,35570,74424,0,1
3102,35570,74448,0,1
3103,35570,74472,0,1
3104,35570,74496,0,1
3105,35570,74520,0,1
3106,35570,74544,0,1
3107,35570,74568,0,1
3108,35570,74592,0,1
3109,35570,74616,0,1
3110,35570,74640,0,1
3111,35570,74664,0,1
3112,35570,74688,0,1
3113,35570,74712,0,1
3114,35570,74736,0,1
3115,35570,74760,0,1
3116,35570,74784,0,1
3117,35570,74808,0,1
3118,35570,74832,0,1
3119,35570,74856,0,1
3120,35570,74880,0,1
3121,35570,74904,0,1
3122,35570,74928,0,1
3123,35570,74952,0,1
3124,35570,74976,0,1
3125,35570,75000,0,1
3126,35570,75024,0,1
3127,35570,75048,1,0
3128,35570,75072,0,1
3129,35570,75096,0,1
3130,35570,75120,0,1
3131,35570,75144,0,1
3132,35570,75168,0,1
3133,35570,75192,0,1
3134,35570,75216,0,1
3135,35570,75240,0,1
3136,35570,75264,0,1
3137,35570,75288,0,1
3138,35570,75312,0,1
3139,35570,75336,0,1
3140,35570,75360,0,1
3141,35570,75384,0,1
3142,35570,75408,0,1
3143,35570,75432,0,1
3144,35570,75456,0,1
3145,35570,75480,0,1
3146,35570,75504,0,1
3147,35570,75528,0,1
3148,35570,75552,0,1
3149,35570,75576,0,1
3150,35570,75600,0,1
3151,35570,75624,0,1
3152,35570,75648,0,1
3153,35570,75672,0,1
3154,35570,75696,0,1
3155,35570,75720,0,1
3156,35570,75744,1,0
3157,35570,75768,1,0
3158,35570,75792,0,1
3159,35570,75816,0,1
3160,35570,75840,0,1
3161,35570,75864,0,1
3162,35570,75888,1,0
3163,35570,75912,0,1
3164,35570,75936,0,1
3165,35570,75960,0,1
3166,35570,75984,0,1
3167,35570,76008,0,1
3168,35570,76032,0,1
3169,35570,76056,0,1
3170,35570,76080,0,1
3171,35570,76104,0,1
3172,35570,76128,0,1
3173,35570,76152,0,1
3174,35570,76176,0,1
3175,35570,76200,0,1
3176,35570,76224,0,1
3177,35570,76248,0,1
3178,35570,76272,0,1
3179,35570,76296,0,1
3180,35570,76320,0,1
3181,35570,76344,0,1
3182,35570,76368,0,1
3183,35570,76392,0,1
3184,35570,76416,0,1
3185,35570,76440,0,1
3186,35570,76464,0,1
3187,35570,76488,0,1
3188,35570,76512,0,1
3189,35570,76536,0,1
3190,35570,76560,0,1
3191,35570,76584,0,1
3192,35570,76608,0,1
3193,35570,76632,0,1
3194,35570,76656,0,1
3195,35570,76680,0,1
3196,35570,76704,0,1
3197,35570,76728,0,1
3198,35570,76752,0,1
3199,35570,76776,0,1
3200,35570,76800,0,1
3201,35570,76824,0,1
3202,35570,76848,0,1
3203,35570,76872,0,1
3204,35570,76896,0,1
3205,35570,76920,0,1
3206,35570,76944,0,1
3207,35570,76968,0,1
3208,35570,76992,0,1
3209,35570,77016,0,1
3210,35570,77040,0,1
3211,35570,77064,0,1
3212,35570,77088,0,1
3213,35570,77112,0,1
3214,35570,77136,0,1
3215,35570,77160,0,1
3216,35570,77184,0,1
3217,35570,77208,0,1
3218,35570,77232,0,1
3219,35570,77256,0,1
3220,35570,77280,0,1
3221,35570,77304,0,1
3222,35570,77328,0,1
3223,35570,77352,0,1
3224,35570,77376,0,1
3225,35570,77400,0,1
3226,35570,77424,0,1
3227,35570,77448,0,1
3228,35570,77472,0,1
3229,35570,77496,0,1
3230,35570,77520,0,1
3231,35570,77544,0,1
3232,35570,77568,0,1
3233,35570,77592,0,1
3234,35570,77616,0,1
3235,35570,77640,0,1
3236,35570,77664,0,1
3237,35570,77688,0,1
3238,35570,77712,0,1
3239,35570,77736,0,1
3240,35570,77760,0,1
3241,35570,77784,0,1
3242,35570,77808,0,1
3243,35570,77832,0,1
3244,35570,77856,0,1
3245,35570,77880,0,1
3246,35570,77904,0,1
3247,35570,77928,0,1
3248,35570,77952,0,1
3249,35570,77976,0,1
3250,35570,78000,0,1
3251,35570,78024,0,1
3252,35570,78048,0,1
3253,35570,78072,0,1
3254,35570,78096,0,1
3255,35570,78120,0,1
3256,35570,78144,0,1
3257,35570,78168,0,1
3258,35570,78192,0,1
3259,35570,78216,0,1
3260,35570,78240,0,1
3261,35570,78264,0,1
3262,35570,78288,1,0
3263,35570,78312,1,0
3264,35570,78336,1,0
3265,35570,78360,1,0
3266,35570,78384,1,0
3267,35570,78408,1,0
3268,35570,78432,1,0
3269,35570,78456,1,0
3270,35570,78480,0,1
3271,35570,78504,0,1
3272,35570,78528,0,1
3273,35570,78552,0,1
3274,35570,78576,0,1
3275,35570,78600,0,1
3276,35570,78624,0,1
3277,35570,78648,0,1
3278,35570,78672,0,1
3279,35570,78696,0,1
3280,35570,78720,0,1
3281,35570,78744,0,1
3282,35570,78768,0,1
3283,35570,78792,0,1
3284,35570,78816,0,1
3285,35570,78840,0,1
3286,35570,78864,0,1
3287,35570,78888,0,1
3288,35570,78912,0,1
3289,35570,78936,0,1
3290,35570,78960,0,1
3291,35570,78984,0,1
3292,35570,79008,1,0
3293,35570,79032,1,0
3294,35570,79056,1,0
3295,35570,79080,1,0
3296,35570,79104,1,0
3297,35570,79128,1,0
3298,35570,79152,1,0
3299,35570,79176,1,0
3300,35570,79200,1,0
3301,35570,79224,1,0
3302,35570,79248,1,0
3303,35570,79272,1,0
3304,35570,79296,1,0
3305,35570,79320,1,0
3306,35570,79344,1,0
3307,35570,79368,1,0
3308,35570,79392,1,0
3309,35570,79416,1,0
3310,35570,79440,0,1
3311,35570,79464,0,1
3312,35570,79488,0,1
3313,35570,79512,0,1
3314,35570,79536,0,1
3315,35570,79560,0,1
3316,35570,79584,0,1
3317,35570,79608,0,1
3318,35570,79632,0,1
3319,35570,79656,0,1
3320,35570,79680,0,1
3321,35570,79704,0,1
3322,35570,79728,0,1
3323,35570,79752,0,1
3324,35570,79776,0,1
3325,35570,79800,0,1
3326,35570,79824,0,1
3327,35570,79848,0,1
3328,35570,79872,0,1
3329,35570,79896,0,1
3330,35570,79920,0,1
3331,35570,79944,0,1
3332,35570,79968,0,1
3333,35570,79992,0,1
3334,35570,80016,0,1
3335,35570,80040,0,1
3336,35570,80064,0,1
3337,35570,80088,0,1
3338,35570,80112,0,1
3339,35570,80136,0,1
3340,35570,80160,0,1
3341,35570,80184,0,1
3342,35570,80208,0,1
3343,35570,80232,0,1
3344,35570,80256,0,1
3345,35570,80280,0,1
3346,35570,80304,0,1
3347,35570,80328,0,1
3348,35570,80352,0,1
3349,35570,80376,0,1
3350,35570,80400,0,1
3351,35570,80424,0,1
3352,35570,80448,0,1
3353,35570,80472,0,1
3354,35570,80496,0,1
3355,35570,80520,0,1
3356,35570,80544,0,1
3357,35570,80568,0,1
3358,35570,80592,0,1
3359,35570,80616,0,1
3360,35570,80640,0,1
3361,35570,80664,0,1
3362,35570,80688,0,1
3363,35570,80712,0,1
3364,35570,80736,0,1
3365,35570,80760,0,1
3366,35570,80784,0,1
3367,35570,80808,0,1
3368,35570,80832,0,1
3369,35570,80856,0,1
3370,35570,80880,0,1
3371,35570,80904,0,1
3372,35570,80928,1,0
3373,35570,80952,1,0
3374,35570,80976,1,0
3375,35570,81000,1,0
3376,35570,81024,0,1
3377,35570,81048,0,1
3378,35570,81072,0,1
3379,35570,81096,0,1
3380,35570,81120,0,1
3381,35570,81144,0,1
3382,35570,81168,0,1
3383,35570,81192,0,1
3384,35570,81216,0,1
3385,35570,81240,0,1
3386,35570,81264,0,1
3387,35570,81288,0,1
3388,35570,81312,0,1
3389,35570,81336,0,1
3390,35570,81360,0,1
3391,35570,81384,0,1
3392,35570,81408,0,1
3393,35570,81432,0,1
3394,35570,81456,0,1
3395,35570,81480,0,1
3396,35570,81504,0,1
3397,35570,81528,0,1
3398,35570,81552,0,1
3399,35570,81576,0,1
3400,35570,81600,0,1
3401,35570,81624,0,1
3402,35570,81648,0,1
3403,35570,81672,0,1
3404,35570,81696,0,1
3405,35570,81720,0,1
3406,35570,81744,0,1
3407,35570,81768,0,1
3408,35570,81792,0,1
3409,35570,81816,0,1
3410,35570,81840,0,1
3411,35570,81864,0,1
3412,35570,81888,0,1
3413,35570,81912,0,1
3414,35570,81936,0,1
3415,35570,81960,0,1
3416,35570,81984,0,1
3417,35570,82008,0,1
3418,35570,82032,0,1
3419,35570,82056,0,1
3420,35570,82080,1,0
3421,35570,82104,1,0
3422,35570,82128,1,0
3423,35570,82152,1,0
3424,35570,82176,1,0
3425,35570,82200,1,0
3426,35570,82224,1,0
3427,35570,82248,1,0
3428,35570,82272,1,0
3429,35570,82296,1,0
3430,35570,82320,1,0
3431,35570,82344,1,0
3432,35570,82368,0,1
3433,35570,82392,0,1
3434,35570,82416,0,1
3435,35570,82440,0,1
3436,35570,82464,0,1
3437,35570,82488,0,1
3438,35570,82512,0,1
3439,35570,82536,0,1
3440,35570,82560,0,1
3441,35570,82584,0,1
3442,35570,82608,0,1
3443,35570,82632,0,1
3444,35570,82656,0,1
3445,35570,82680,0,1
3446,35570,82704,0,1
3447,35570,82728,1,0
3448,35570,82752,1,0
3449,35570,82776,1,0
3450,35570,82800,1,0
3451,35570,82824,1,0
3452,35570,82848,1,0
3453,35570,82872,1,0
3454,35570,82896,1,0
3455,35570,82920,1,0
3456,35570,82944,0,1
3457,35570,82968,1,0
3458,35570,82992,0,1
3459,35570,83016,0,1
3460,35570,83040,0,1
3461,35570,83064,0,1
3462,35570,83088,0,1
3463,35570,83112,0,1
3464,35570,83136,0,1
3465,35570,83160,0,1
3466,35570,83184,0,1
3467,35570,83208,0,1
3468,35570,83232,0,1
3469,35570,83256,0,1
3470,35570,83280,0,1
3471,35570,83304,0,1
3472,35570,83328,1,0
3473,35570,83352,0,1
3474,35570,83376,1,0
3475,35570,83400,1,0
3476,35570,83424,0,1
3477,35570,83448,0,1
3478,35570,83472,0,1
3479,35570,83496,0,1
3480,35570,83520,1,0
3481,35570,83544,0,1
3482,35570,83568,0,1
3483,35570,83592,0,1
3484,35570,83616,0,1
3485,35570,83640,0,1
3486,35570,83664,0,1
3487,35570,83688,0,1
3488,35570,83712,0,1
3489,35570,83736,0,1
3490,35570,83760,0,1
3491,35570,83784,0,1
3492,35570,83808,0,1
3493,35570,83832,0,1
3494,35570,83856,0,1
3495,35570,83880,0,1
3496,35570,83904,0,1
3497,35570,83928,0,1
3498,35570,83952,0,1
3499,35570,83976,0,1
3500,35570,84000,0,1
3501,35570,84024,0,1
3502,35570,84048,0,1
3503,35570,84072,0,1
3504,35570,84096,1,0
3505,35570,84120,1,0
3506,35570,84144,0,1
3507,35570,84168,1,0
3508,35570,84192,0,1
3509,35570,84216,0,1
3510,35570,84240,1,0
3511,35570,84264,1,0
3512,35570,84288,0,1
3513,35570,84312,0,1
3514,35570,84336,0,1
3515,35570,84360,0,1
3516,35570,84384,0,1
3517,35570,84408,0,1
3518,35570,84432,0,1
3519,35570,84456,0,1
3520,35570,84480,0,1
3521,35570,84504,0,1
3522,35570,84528,0,1
3523,35570,84552,0,1
3524,35570,84576,0,1
3525,35570,84600,1,0
3526,35570,84624,1,0
3527,35570,84648,0,1
3528,35570,84672,0,1
3529,35570,84696,0,1
3530,35570,84720,0,1
3531,35570,84744,0,1
3532,35570,84768,0,1
3533,35570,84792,0,1
3534,35570,84816,0,1
3535,35570,84840,0,1
3536,35570,84864,0,1
3537,35570,84888,0,1
3538,35570,84912,0,1
3539,35570,84936,0,1
3540,35570,84960,0,1
3541,35570,84984,0,1
3542,35570,85008,0,1
3543,35570,85032,0,1
3544,35570,85056,0,1
3545,35570,85080,0,1
3546,35570,85104,0,1
3547,35570,85128,0,1
3548,35570,85152,0,1
3549,35570,85176,0,1
3550,35570,85200,0,1
3551,35570,85224,0,1
3552,35570,85248,0,1
3553,35570,85272,0,1
3554,35570,85296,0,1
3555,35570,85320,0,1
3556,35570,85344,0,1
3557,35570,85368,0,1
3558,35570,85392,0,1
3559,35570,85416,0,1
3560,35570,85440,0,1
3561,35570,85464,0,1
3562,35570,85488,0,1
3563,35570,85512,0,1
3564,35570,85536,0,1
3565,35570,85560,0,1
3566,35570,85584,0,1
3567,35570,85608,0,1
3568,35570,85632,0,1
3569,35570,85656,0,1
3570,35570,85680,0,1
3571,35570,85704,0,1
3572,35570,85728,0,1
3573,35570,85752,0,1
3574,35570,85776,0,1
3575,35570,85800,0,1
3576,35570,85824,1,0
3577,35570,85848,0,1
3578,35570,85872,0,1
3579,35570,85896,0,1
3580,35570,85920,0,1
3581,35570,85944,0,1
3582,35570,85968,0,1
3583,35570,85992,0,1
3584,35570,86016,0,1
3585,35570,86040,1,0
3586,35570,86064,0,1
3587,35570,86088,0,1
3588,35570,86112,0,1
3589,35570,86136,0,1
3590,35570,86160,0,1
3591,35570,86184,0,1
3592,35570,86208,0,1
3593,35570,86232,0,1
3594,35570,86256,0,1
3595,35570,86280,0,1
3596,35570,86304,0,1
3597,35570,86328,0,1
3598,35570,86352,0,1
3599,35570,86376,0,1
3600,35570,86400,1,0
3601,35570,86424,1,0
3602,35570,86448,0,1
3603,35570,86472,1,0
3604,35570,86496,1,0
3605,35570,86520,0,1
3606,35570,86544,0,1
3607,35570,86568,0,1
3608,35570,86592,0,1
3609,35570,86616,0,1
3610,35570,86640,0,1
3611,35570,86664,0,1
3612,35570,86688,0,1
3613,35570,86712,1,0
3614,35570,86736,1,0
3615,35570,86760,1,0
3616,35570,86784,1,0
3617,35570,86808,0,1
3618,35570,86832,0,1
3619,35570,86856,0,1
3620,35570,86880,0,1
3621,35570,86904,0,1
3622,35570,86928,0,1
3623,35570,86952,0,1
3624,35570,86976,0,1
3625,35570,87000,0,1
3626,35570,87024,0,1
3627,35570,87048,0,1
3628,35570,87072,0,1
3629,35570,87096,0,1
3630,35570,87120,0,1
3631,35570,87144,0,1
3632,35570,87168,0,1
3633,35570,87192,0,1
3634,35570,87216,0,1
3635,35570,87240,1,0
3636,35570,87264,0,1
3637,35570,87288,0,1
3638,35570,87312,0,1
3639,35570,87336,0,1
3640,35570,87360,0,1
3641,35570,87384,0,1
3642,35570,87408,0,1
3643,35570,87432,0,1
3644,35570,87456,0,1
3645,35570,87480,0,1
3646,35570,87504,0,1
3647,35570,87528,0,1
3648,35570,87552,0,1
3649,35570,87576,0,1
3650,35570,87600,0,1
3651,35570,87624,0,1
3652,35570,87648,1,0
3653,35570,87672,1,0
3654,35570,87696,0,1
3655,35570,87720,0,1
3656,35570,87744,1,0
3657,35570,87768,1,0
3658,35570,87792,1,0
3659,35570,87816,0,1
3660,35570,87840,0,1
3661,35570,87864,0,1
3662,35570,87888,1,0
3663,35570,87912,0,1
3664,35570,87936,0,1
3665,35570,87960,0,1
3666,35570,87984,0,1
3667,35570,88008,0,1
3668,35570,88032,0,1
3669,35570,88056,0,1
3670,35570,88080,0,1
3671,35570,88104,0,1
3672,35570,88128,0,1
3673,35570,88152,0,1
3674,35570,88176,0,1
3675,35570,88200,0,1
3676,35570,88224,0,1
3677,35570,88248,0,1
3678,35570,88272,0,1
3679,35570,88296,0,1
3680,35570,88320,0,1
3681,35570,88344,0,1
3682,35570,88368,1,0
3683,35570,88392,0,1
3684,35570,88416,0,1
3685,35570,88440,0,1
3686,35570,88464,0,1
3687,35570,88488,0,1
3688,35570,88512,0,1
3689,35570,88536,0,1
3690,35570,88560,0,1
3691,35570,88584,0,1
3692,35570,88608,0,1
3693,35570,88632,0,1
3694,35570,88656,0,1
3695,35570,88680,0,1
3696,35570,88704,0,1
3697,35570,88728,0,1
3698,35570,88752,0,1
3699,35570,88776,0,1
3700,35570,88800,0,1
3701,35570,88824,0,1
3702,35570,88848,0,1
3703,35570,88872,1,0
3704,35570,88896,0,1
3705,35570,88920,0,1
3706,35570,88944,0,1
3707,35570,88968,0,1
3708,35570,88992,0,1
3709,35570,89016,0,1
3710,35570,89040,0,1
3711,35570,89064,0,1
3712,35570,89088,0,1
3713,35570,89112,0,1
3714,35570,89136,0,1
3715,35570,89160,0,1
3716,35570,89184,0,1
3717,35570,89208,0,1
3718,35570,89232,0,1
3719,35570,89256,0,1
3720,35570,89280,0,1
3721,35570,89304,0,1
3722,35570,89328,0,1
3723,35570,89352,0,1
3724,35570,89376,0,1
3725,35570,89400,0,1
3726,35570,89424,0,1
3727,35570,89448,0,1
3728,35570,89472,0,1
3729,35570,89496,0,1
3730,35570,89520,0,1
3731,35570,89544,0,1
3732,35570,89568,0,1
3733,35570,89592,0,1
3734,35570,89616,0,1
3735,35570,89640,0,1
3736,35570,89664,0,1
3737,35570,89688,0,1
3738,35570,89712,0,1
3739,35570,89736,0,1
3740,35570,89760,0,1
3741,35570,89784,0,1
3742,35570,89808,0,1
3743,35570,89832,0,1
3744,35570,89856,0,1
3745,35570,89880,0,1
3746,35570,89904,0,1
3747,35570,89928,0,1
3748,35570,89952,0,1
3749,35570,89976,0,1
3750,35570,90000,0,1
3751,35570,90024,0,1
3752,35570,90048,0,1
3753,35570,90072,0,1
3754,35570,90096,0,1
3755,35570,90120,0,1
3756,35570,90144,0,1
3757,35570,90168,0,1
3758,35570,90192,0,1
3759,35570,90216,0,1
3760,35570,90240,0,1
3761,35570,90264,0,1
3762,35570,90288,0,1
3763,35570,90312,0,1
3764,35570,90336,0,1
3765,35570,90360,0,1
3766,35570,90384,0,1
3767,35570,90408,1,0
3768,35570,90432,1,0
3769,35570,90456,1,0
3770,35570,90480,1,0
3771,35570,90504,1,0
3772,35570,90528,0,1
3773,35570,90552,0,1
3774,35570,90576,0,1
3775,35570,90600,0,1
3776,35570,90624,0,1
3777,35570,90648,0,1
3778,35570,90672,0,1
3779,35570,90696,0,1
3780,35570,90720,0,1
3781,35570,90744,0,1
3782,35570,90768,0,1
3783,35570,90792,0,1
3784,35570,90816,0,1
3785,35570,90840,0,1
3786,35570,90864,0,1
3787,35570,90888,0,1
3788,35570,90912,0,1
3789,35570,90936,0,1
3790,35570,90960,0,1
3791,35570,90984,0,1
3792,35570,91008,0,1
3793,35570,91032,0,1
3794,35570,91056,0,1
3795,35570,91080,0,1
3796,35570,91104,0,1
3797,35570,91128,0,1
3798,35570,91152,0,1
3799,35570,91176,0,1
3800,35570,91200,0,1
3801,35570,91224,0,1
3802,35570,91248,0,1
3803,35570,91272,0,1
3804,35570,91296,0,1
3805,35570,91320,0,1
3806,35570,91344,0,1
3807,35570,91368,0,1
3808,35570,91392,0,1
3809,35570,91416,0,1
3810,35570,91440,0,1
3811,35570,91464,0,1
3812,35570,91488,0,1
3813,35570,91512,0,1
3814,35570,91536,0,1
3815,35570,91560,1,0
3816,35570,91584,0,1
3817,35570,91608,1,0
3818,35570,91632,1,0
3819,35570,91656,1,0
3820,35570,91680,1,0
3821,35570,91704,1,0
3822,35570,91728,1,0
3823,35570,91752,1,0
3824,35570,91776,1,0
3825,35570,91800,1,0
3826,35570,91824,1,0
3827,35570,91848,1,0
3828,35570,91872,1,0
3829,35570,91896,1,0
3830,35570,91920,1,0
3831,35570,91944,1,0
3832,35570,91968,1,0
3833,35570,91992,0,1
3834,35570,92016,1,0
3835,35570,92040,0,1
3836,35570,92064,1,0
3837,35570,92088,1,0
3838,35570,92112,0,1
3839,35570,92136,0,1
3840,35570,92160,0,1
3841,35570,92184,0,1
3842,35570,92208,0,1
3843,35570,92232,0,1
3844,35570,92256,0,1
3845,35570,92280,0,1
3846,35570,92304,0,1
3847,35570,92328,0,1
3848,35570,92352,0,1
3849,35570,92376,0,1
3850,35570,92400,0,1
3851,35570,92424,0,1
3852,35570,92448,0,1
3853,35570,92472,0,1
3854,35570,92496,0,1
3855,35570,92520,0,1
3856,35570,92544,0,1
3857,35570,92568,0,1
3858,35570,92592,0,1
3859,35570,92616,0,1
3860,35570,92640,0,1
3861,35570,92664,0,1
3862,35570,92688,0,1
3863,35570,92712,0,1
3864,35570,92736,0,1
3865,35570,92760,0,1
3866,35570,92784,0,1
3867,35570,92808,0,1
3868,35570,92832,0,1
3869,35570,92856,0,1
3870,35570,92880,0,1
3871,35570,92904,0,1
3872,35570,92928,0,1
3873,35570,92952,0,1
3874,35570,92976,0,1
3875,35570,93000,0,1
3876,35570,93024,0,1
3877,35570,93048,0,1
3878,35570,93072,0,1
3879,35570,93096,0,1
3880,35570,93120,0,1
3881,35570,93144,0,1
3882,35570,93168,0,1
3883,35570,93192,0,1
3884,35570,93216,0,1
3885,35570,93240,0,1
3886,35570,93264,0,1
3887,35570,93288,0,1
3888,35570,93312,0,1
3889,35570,93336,0,1
3890,35570,93360,0,1
3891,35570,93384,0,1
3892,35570,93408,0,1
3893,35570,93432,0,1
3894,35570,93456,0,1
3895,35570,93480,0,1
3896,35570,93504,0,1
3897,35570,93528,0,1
3898,35570,93552,0,1
3899,35570,93576,0,1
3900,35570,93600,0,1
3901,35570,93624,0,1
3902,35570,93648,0,1
3903,35570,93672,0,1
3904,35570,93696,0,1
3905,35570,93720,0,1
3906,35570,93744,0,1
3907,35570,93768,0,1
3908,35570,93792,0,1
3909,35570,93816,0,1
3910,35570,93840,0,1
3911,35570,93864,0,1
3912,35570,93888,0,1
3913,35570,93912,0,1
3914,35570,93936,0,1
3915,35570,93960,0,1
3916,35570,93984,0,1
3917,35570,94008,0,1
3918,35570,94032,0,1
3919,35570,94056,0,1
3920,35570,94080,1,0
3921,35570,94104,0,1
3922,35570,94128,0,1
3923,35570,94152,0,1
3924,35570,94176,0,1
3925,35570,94200,0,1
3926,35570,94224,0,1
3927,35570,94248,0,1
3928,35570,94272,0,1
3929,35570,94296,0,1
3930,35570,94320,0,1
3931,35570,94344,0,1
3932,35570,94368,0,1
3933,35570,94392,0,1
3934,35570,94416,0,1
3935,35570,94440,0,1
3936,35570,94464,0,1
3937,35570,94488,0,1
3938,35570,94512,0,1
3939,35570,94536,0,1
3940,35570,94560,0,1
3941,35570,94584,0,1
3942,35570,94608,0,1
3943,35570,94632,0,1
3944,35570,94656,0,1
